100
9900
84 57
41 97
42 31
12 15
91 60
27 17
42 52
19 91
22 37
1 95
61 56
66 11
73 54
96 90
39 89
56 16
78 38
59 10
89 68
78 57
56 29
67 70
39 70
75 9
30 88
5 12
11 4
1 93
12 31
94 8
18 66
61 80
76 1
60 18
56 87
92 48
56 46
94 35
58 9
7 76
68 98
91 94
16 19
55 43
99 54
91 97
12 33
3 4
57 85
75 56
48 72
93 96
28 79
86 52
87 55
97 47
45 54
80 16
2 32
30 21
38 89
10 100
63 76
82 37
1 46
12 28
93 66
93 46
18 25
80 62
18 59
4 30
78 9
69 92
95 16
56 18
33 49
37 23
88 68
78 13
79 51
67 84
38 87
47 79
74 21
35 15
47 96
18 89
95 99
35 1
50 57
67 33
21 2
87 91
3 78
21 33
59 40
56 58
58 53
20 73
31 70
83 44
63 47
73 100
42 34
72 36
99 21
92 59
28 95
52 20
53 30
32 88
7 77
41 99
86 92
10 18
82 60
97 35
80 22
9 4
93 77
57 4
27 34
68 77
77 46
83 12
1 41
88 77
22 56
97 86
34 26
67 87
10 59
79 59
98 9
65 13
10 91
1 19
85 86
68 81
7 49
1 88
98 77
58 67
29 4
85 91
26 48
58 2
93 28
87 88
90 6
98 29
12 94
77 87
37 30
69 40
89 41
5 72
60 11
25 89
14 34
33 15
83 14
6 35
52 11
84 10
86 51
75 52
86 60
21 36
31 47
34 99
59 13
20 90
24 64
44 84
55 14
6 91
4 51
96 70
26 13
93 4
35 36
31 96
36 92
31 38
84 88
14 67
13 63
20 53
96 73
96 27
2 82
4 81
25 60
51 17
41 90
86 74
31 84
39 63
90 22
38 100
49 63
49 90
6 99
45 35
96 39
18 34
95 59
34 56
11 88
69 68
63 53
58 19
82 51
85 61
98 99
47 86
76 25
96 81
11 51
95 45
78 24
92 5
19 41
61 82
35 79
31 62
3 81
12 77
14 43
57 74
74 75
92 38
12 44
63 5
67 44
2 23
33 88
84 6
3 75
34 6
30 90
99 77
18 79
91 62
50 94
84 31
71 56
22 79
14 13
62 60
61 20
58 27
96 3
39 85
78 23
33 76
31 42
57 26
7 98
3 33
52 70
98 58
57 36
84 36
29 84
13 48
53 7
82 2
97 42
62 31
84 89
49 43
99 80
81 27
78 19
38 51
80 67
86 90
98 70
35 73
73 30
30 6
36 10
55 28
8 77
55 33
59 44
70 19
63 8
87 89
19 50
72 8
1 21
60 76
18 31
4 97
46 71
73 27
68 71
36 93
14 51
5 18
34 67
74 7
70 25
67 20
95 72
72 73
52 95
75 67
94 68
50 71
58 17
6 98
19 65
2 45
32 67
29 55
33 51
77 81
66 85
16 58
47 63
94 36
26 98
68 54
97 16
88 57
47 72
32 53
28 10
32 48
96 47
43 19
73 99
10 90
25 36
94 40
100 51
15 58
8 49
18 29
26 46
84 82
1 11
67 14
59 80
85 76
4 76
12 66
22 16
38 83
36 59
70 7
85 52
75 76
53 71
33 97
90 4
99 36
4 68
49 29
85 60
17 83
42 7
44 79
76 63
88 6
22 47
2 38
70 18
31 85
52 74
62 81
76 32
25 6
79 47
50 5
65 17
9 27
71 33
7 93
29 51
53 51
56 80
66 70
86 70
85 79
32 9
26 87
68 95
60 54
5 4
66 64
28 73
1 5
55 57
21 23
60 93
25 61
55 4
72 32
92 63
75 84
75 29
75 39
36 18
65 21
66 65
90 55
24 65
85 90
9 87
13 38
44 40
66 8
68 32
38 42
6 31
16 13
89 61
69 60
45 43
62 67
27 55
55 12
44 68
85 92
11 85
35 50
37 45
31 57
48 74
39 98
79 4
81 13
18 57
30 84
78 86
95 87
84 51
39 78
53 76
80 85
44 17
87 71
94 11
37 82
55 53
58 59
17 77
23 86
40 12
76 9
48 38
84 91
15 79
61 32
58 16
88 23
15 21
93 97
43 53
12 88
100 11
16 88
30 7
84 53
94 55
96 86
54 17
71 8
2 14
48 8
9 32
32 5
10 25
61 22
25 81
36 69
28 89
84 52
66 54
30 69
98 12
65 91
25 79
84 62
98 61
3 42
36 99
52 3
14 42
87 9
61 68
24 95
28 91
97 18
6 17
61 72
23 11
31 22
58 65
34 33
10 60
32 85
73 56
87 42
19 21
53 24
85 9
100 83
86 23
4 56
19 74
50 17
59 96
27 37
5 88
58 82
93 98
34 94
17 63
89 67
89 59
52 6
79 99
83 49
16 55
44 60
6 86
52 84
25 14
50 43
72 23
78 81
59 36
14 91
54 7
97 29
26 11
65 88
90 93
98 35
86 20
44 99
11 27
82 64
36 22
38 48
58 25
100 89
98 65
25 20
16 74
63 7
97 17
57 11
60 84
32 52
51 21
7 57
82 78
45 34
52 24
78 22
78 14
98 66
16 24
12 42
78 93
47 29
59 79
65 56
43 55
72 18
22 19
72 96
5 68
49 4
54 91
85 40
31 90
77 52
56 10
44 49
38 15
34 91
26 59
51 72
59 55
78 11
55 88
68 15
96 76
9 50
61 53
90 38
69 87
7 82
23 50
45 56
12 39
73 24
18 82
63 81
86 76
44 36
56 17
71 14
59 63
19 96
90 87
13 70
88 97
27 31
44 47
40 65
53 19
86 30
73 89
16 86
61 81
75 41
48 81
4 11
22 44
19 79
77 36
53 87
67 15
94 73
8 21
41 93
69 45
84 1
32 39
25 3
9 36
88 21
30 93
38 64
7 99
83 61
27 7
71 53
63 35
65 57
5 52
30 78
26 40
65 14
55 20
9 49
28 53
89 34
58 4
24 80
19 15
28 60
36 49
10 95
12 16
94 64
72 55
25 70
61 23
77 40
70 43
99 17
37 51
75 53
73 8
61 15
45 95
82 80
99 25
1 27
36 83
25 37
42 40
86 73
96 57
28 32
7 19
41 16
80 48
23 8
28 61
91 7
96 4
16 80
76 8
43 92
74 40
79 84
93 85
43 4
56 2
25 64
76 5
97 69
91 37
66 23
1 61
21 65
74 87
17 96
55 48
46 5
64 61
33 81
6 69
76 77
53 39
73 1
73 71
21 48
15 100
90 82
58 60
2 16
63 96
29 19
13 60
62 55
31 21
75 88
16 21
11 22
17 76
2 73
9 79
28 56
36 58
86 15
97 25
3 30
75 12
80 99
36 57
73 84
20 61
48 70
15 6
58 38
2 11
50 87
43 1
3 12
82 31
70 88
86 69
42 51
33 82
51 68
11 6
31 94
50 70
99 58
66 52
27 83
50 93
86 72
74 77
4 77
33 42
35 63
11 47
12 60
32 16
10 52
10 67
59 50
43 10
65 36
93 90
100 29
41 13
86 45
70 87
86 59
27 2
63 33
99 39
89 20
13 90
41 100
90 75
94 63
18 81
82 34
73 79
13 77
99 38
1 59
60 45
67 36
57 41
8 99
89 75
22 50
80 56
98 5
73 3
10 88
84 69
80 15
76 74
44 35
92 89
15 46
71 93
24 68
41 89
45 82
49 95
69 99
42 84
31 72
64 40
46 34
87 28
19 51
52 91
1 51
37 95
82 42
63 43
2 84
5 66
54 77
66 90
63 23
46 62
87 95
97 26
23 76
30 14
93 15
36 86
55 18
74 10
75 22
94 30
62 19
1 33
100 52
72 81
88 69
50 99
15 9
38 70
77 91
30 70
2 18
27 18
69 14
83 11
30 48
8 16
84 60
34 65
83 64
5 97
11 97
1 76
50 32
87 57
59 20
24 44
71 70
4 64
24 47
45 11
62 22
29 50
83 41
98 51
75 36
69 77
75 34
13 28
70 59
40 67
100 19
50 66
90 66
51 66
18 23
63 73
87 16
71 41
5 16
56 53
81 94
95 97
17 60
51 33
13 64
65 19
93 2
22 96
99 97
81 89
93 49
24 93
87 2
67 74
99 98
34 63
67 73
75 86
5 86
22 73
92 79
1 10
8 63
63 92
33 46
51 81
47 93
30 63
44 7
49 85
64 74
92 6
13 47
70 79
95 68
23 17
15 68
37 56
51 28
23 100
52 26
92 76
76 69
64 38
11 82
98 22
56 59
99 61
24 45
79 70
47 44
63 15
14 24
9 60
14 37
98 89
76 44
64 67
83 31
88 75
52 40
94 6
40 91
17 82
49 56
64 93
9 1
5 33
76 46
80 18
30 76
24 86
93 70
48 91
88 25
10 82
14 36
56 6
71 26
28 65
79 22
85 93
16 78
59 100
91 43
92 23
20 91
70 95
23 80
33 11
38 94
47 6
37 21
26 29
32 71
82 70
84 67
93 32
19 44
34 37
34 40
9 42
29 95
81 76
31 10
41 29
92 73
12 63
17 90
76 15
47 30
75 70
16 83
47 42
57 15
55 9
81 50
25 85
57 3
78 44
97 63
39 14
53 3
65 74
87 37
26 34
7 23
40 17
43 85
79 97
10 23
13 94
27 92
69 47
28 47
93 53
56 86
43 94
58 79
60 52
39 38
75 57
25 65
44 28
87 40
38 36
91 29
95 57
14 54
36 75
76 67
17 51
30 17
42 49
42 62
62 12
1 26
63 17
100 80
85 71
80 84
63 87
94 86
64 81
20 28
9 84
26 63
24 89
19 23
10 35
13 80
60 40
3 26
100 46
48 14
1 6
27 30
68 80
10 17
25 18
8 62
13 91
62 34
97 30
63 67
73 93
81 36
29 83
52 51
84 28
19 100
92 4
10 49
6 36
83 81
40 11
68 74
3 15
84 45
9 10
68 29
94 44
3 39
60 16
63 77
99 47
69 29
89 2
25 34
78 6
32 79
69 34
58 94
20 42
61 92
76 19
84 26
40 16
46 30
76 55
15 82
79 56
91 1
17 53
62 20
81 47
10 29
23 61
45 72
94 24
39 95
74 94
88 62
92 32
90 19
8 65
75 94
83 38
39 93
78 68
97 88
78 80
64 21
86 40
25 52
9 24
18 88
53 36
87 94
43 57
70 29
6 90
15 14
83 24
31 49
60 94
34 78
89 18
7 83
92 1
5 24
22 65
4 71
26 42
83 34
15 44
55 47
25 77
35 16
75 21
47 16
28 42
32 8
58 6
96 16
11 26
40 73
41 88
63 40
63 11
19 94
70 86
66 10
3 16
47 65
4 59
37 75
78 54
64 92
82 73
33 16
46 99
51 26
64 91
29 82
74 5
25 80
34 24
51 18
85 44
12 84
96 65
100 23
30 5
53 40
48 65
8 17
69 51
54 39
80 54
100 2
52 58
80 8
10 27
25 42
60 59
95 24
39 94
56 1
1 29
10 2
51 75
89 46
6 74
7 90
32 74
73 91
8 90
25 26
18 13
29 34
7 74
23 81
52 89
97 78
2 56
26 67
94 37
67 64
88 29
94 48
37 38
90 77
37 55
49 35
69 57
51 3
66 72
72 83
83 51
29 23
79 83
8 60
6 53
52 80
28 43
43 84
79 95
73 12
18 32
83 7
33 20
90 7
51 13
31 68
45 7
50 54
2 26
29 7
58 51
18 95
54 86
36 73
48 49
84 35
78 42
16 90
60 21
95 91
8 69
57 79
93 24
18 86
75 8
57 47
6 56
54 25
9 100
28 49
52 19
65 11
25 95
42 2
97 48
13 66
44 88
4 93
97 19
42 37
10 16
85 18
87 50
26 51
6 64
77 56
82 84
77 82
53 15
7 4
16 20
26 56
63 25
9 70
3 49
9 43
47 50
55 1
95 2
36 28
52 10
1 58
63 36
67 4
61 85
53 28
89 86
82 91
13 74
29 52
41 32
26 52
53 32
82 30
4 29
56 36
19 40
44 51
48 29
76 49
1 47
55 80
43 51
58 7
17 99
17 59
34 42
19 12
81 82
97 33
18 46
13 14
36 37
57 9
47 94
37 6
7 33
77 66
80 87
8 76
57 39
16 57
85 51
34 11
64 57
39 13
68 3
25 59
34 69
62 63
22 20
17 67
49 99
65 37
11 61
85 7
62 58
76 17
7 24
13 5
53 48
72 67
34 77
23 45
80 1
90 42
33 13
64 42
30 92
40 64
9 6
54 100
44 3
27 11
10 83
41 22
58 76
65 94
52 22
29 92
95 37
5 43
77 68
15 8
78 53
93 45
61 2
15 85
66 80
70 36
93 31
30 35
43 16
67 18
78 45
34 84
75 40
79 90
55 15
8 40
16 97
37 68
3 65
9 78
13 54
77 70
20 8
40 4
16 73
91 85
78 84
93 52
22 55
90 60
43 97
87 32
16 70
50 30
22 9
56 97
69 32
47 43
71 90
83 74
68 65
83 98
94 77
18 52
22 3
81 14
79 96
91 68
10 64
66 9
24 36
10 46
23 95
82 22
64 30
88 78
47 31
28 9
83 15
3 72
63 66
79 42
2 96
46 24
6 50
41 98
48 20
7 3
44 38
1 7
41 39
10 96
14 63
77 72
43 58
92 57
20 69
56 15
94 7
23 87
39 49
50 100
10 4
61 60
97 65
71 49
94 46
33 6
98 37
33 3
10 9
11 56
57 34
39 41
83 6
94 32
17 6
54 10
48 98
49 73
15 19
10 57
62 8
25 28
7 44
14 100
22 71
72 26
29 38
39 19
28 44
91 93
22 23
29 79
75 89
38 58
35 41
86 56
88 54
4 74
6 33
26 43
65 1
2 61
38 33
73 26
67 11
12 38
92 25
15 99
9 17
89 10
84 24
35 38
87 1
69 62
56 31
34 66
41 20
7 40
79 10
24 90
25 100
11 91
32 38
72 34
98 50
19 45
5 48
50 28
83 19
70 48
88 93
93 11
24 32
46 80
79 45
42 6
73 48
38 96
22 30
25 72
56 8
26 50
76 62
29 80
68 87
29 88
80 33
46 36
83 39
37 67
54 78
61 49
69 72
100 30
44 71
40 30
69 52
8 13
42 11
74 70
20 62
56 60
24 67
17 40
4 79
15 4
1 50
11 87
46 65
99 35
14 22
39 31
63 45
98 56
1 63
28 20
26 79
36 40
94 74
20 88
38 72
13 73
38 68
20 67
98 94
34 54
90 100
49 34
12 71
19 52
61 6
17 43
44 58
97 5
23 66
53 78
86 37
11 60
82 18
90 73
57 44
47 28
6 72
68 100
96 12
45 46
4 46
10 43
54 35
89 93
49 7
58 37
20 80
88 10
99 74
76 6
93 84
59 56
95 94
72 5
59 39
14 26
35 19
44 73
95 58
27 68
95 19
34 39
57 80
26 83
97 73
20 38
2 36
13 23
25 69
72 84
69 21
3 48
85 37
86 18
26 97
57 76
49 61
21 30
36 64
76 4
90 34
78 76
91 78
29 86
41 28
61 48
41 3
27 3
17 37
35 12
41 76
79 92
70 3
5 32
41 70
71 51
20 48
13 41
45 59
37 61
20 3
33 39
36 9
94 1
1 55
100 31
58 5
88 11
95 76
11 24
36 85
30 23
54 3
39 12
21 14
37 34
31 52
59 42
51 5
51 22
24 9
88 64
63 31
81 24
56 96
11 1
17 13
51 89
21 11
87 18
7 39
41 72
26 94
77 48
23 89
67 31
37 81
50 48
91 3
4 89
68 85
72 4
68 90
96 30
76 89
100 74
58 99
73 88
26 57
60 68
65 68
94 76
39 40
80 61
79 87
48 60
81 79
83 70
1 64
30 52
13 33
41 45
16 60
89 83
19 67
16 46
70 15
6 63
46 86
84 42
24 12
91 15
9 47
11 64
75 47
79 28
73 23
44 90
62 82
19 58
23 52
5 87
52 28
5 13
36 20
80 21
15 59
87 5
93 80
42 61
9 44
51 48
80 50
26 45
39 16
87 83
65 69
77 61
39 84
92 46
93 19
34 53
66 58
62 74
100 26
9 19
26 93
65 45
9 99
14 35
86 71
33 75
34 21
83 80
47 61
55 22
62 21
38 6
74 18
97 84
59 94
35 83
64 29
90 32
61 51
64 26
73 77
87 69
77 89
35 32
52 77
5 82
40 60
88 41
22 87
29 60
88 1
76 57
100 27
100 77
76 91
46 38
84 32
48 4
42 53
99 68
71 52
63 3
21 54
37 25
51 25
6 22
78 74
10 14
14 70
46 95
30 56
97 58
98 62
23 13
76 47
44 80
70 33
2 47
93 35
67 25
72 10
34 49
64 84
8 83
30 64
100 14
21 37
57 14
75 48
36 61
49 100
66 18
47 15
29 25
82 47
18 42
39 64
16 28
61 1
11 5
21 95
79 29
94 22
35 33
52 4
48 56
91 30
47 25
54 99
8 44
6 80
33 96
49 71
82 52
35 37
57 25
76 40
32 75
98 68
76 95
73 60
33 19
20 32
94 71
82 25
9 55
57 32
75 20
65 77
94 99
66 99
100 20
23 51
42 74
56 21
29 44
67 93
82 97
15 51
26 12
95 81
8 54
77 37
48 36
61 71
24 76
8 81
79 100
93 25
93 94
100 4
5 20
89 27
9 7
58 46
67 29
5 98
2 70
8 56
12 92
3 63
18 5
91 88
69 80
29 73
5 27
25 71
3 66
6 18
63 55
57 10
18 61
98 96
37 36
21 62
79 91
64 10
80 29
95 69
24 18
74 27
76 42
6 23
19 54
50 29
81 22
6 84
28 78
50 37
91 74
87 81
60 78
37 27
21 78
18 60
6 65
56 4
97 31
42 82
20 68
62 85
25 46
94 87
72 37
6 60
46 78
99 6
30 39
56 9
89 44
38 86
80 64
9 37
49 51
39 46
61 38
62 4
79 11
11 81
75 74
3 37
61 21
83 35
34 14
81 48
16 43
35 99
42 58
99 26
79 80
68 43
50 16
37 54
96 42
96 41
2 13
59 99
31 43
56 63
46 81
55 8
40 96
61 89
22 45
44 64
91 45
86 21
48 21
89 40
72 2
59 31
55 32
94 92
20 14
49 1
64 19
99 13
19 60
99 89
83 37
80 34
28 80
11 49
7 56
95 17
60 4
70 47
44 52
75 33
21 17
40 32
57 70
18 92
36 97
98 59
4 40
20 83
87 44
59 83
81 54
79 73
23 71
83 22
14 5
66 12
16 54
36 72
16 94
89 84
5 40
51 7
54 29
38 76
85 39
7 27
16 7
92 43
82 16
3 7
11 99
96 100
86 96
76 35
18 10
33 84
83 30
91 69
23 90
11 93
42 79
17 32
27 64
34 80
80 63
67 1
51 38
6 20
86 80
8 34
100 61
2 55
25 94
97 74
33 85
16 40
30 16
37 16
97 27
11 80
52 97
82 19
92 24
100 59
45 93
19 98
25 93
18 94
4 43
32 72
83 87
97 3
98 71
26 19
57 95
90 31
32 2
19 76
43 2
11 70
31 97
71 46
31 5
47 69
12 21
94 53
77 93
54 33
58 41
98 74
28 82
19 82
83 72
85 58
25 55
55 74
30 83
70 20
100 48
40 33
74 23
1 38
82 50
7 96
27 98
52 93
56 61
39 97
77 18
85 62
4 65
19 78
75 90
6 78
26 86
9 85
77 15
83 42
69 37
51 20
48 23
69 76
80 72
70 8
58 52
67 88
51 55
34 51
94 54
12 67
21 74
55 83
83 90
22 8
34 55
14 11
25 74
60 25
79 93
58 47
95 15
95 74
100 60
44 27
8 68
89 73
97 76
5 60
70 6
36 88
18 16
32 19
59 8
2 41
38 34
96 83
93 12
29 91
29 96
35 9
90 65
44 50
23 42
29 31
23 74
38 41
76 85
56 54
12 4
36 26
46 16
68 41
89 77
2 85
61 37
52 57
92 18
74 22
46 45
3 23
94 49
30 60
68 49
82 46
44 43
62 88
54 66
71 1
68 45
24 58
90 72
7 2
39 65
80 88
58 18
87 35
8 55
76 14
1 74
55 81
72 42
40 77
80 94
3 79
57 66
65 10
87 27
13 37
47 18
90 94
18 26
50 64
51 76
97 92
100 9
50 85
58 29
60 30
97 45
100 5
74 48
61 67
1 82
97 51
60 67
52 73
43 61
47 67
1 4
23 36
10 48
80 60
21 25
68 93
16 56
72 91
20 27
92 58
8 47
10 21
48 71
26 58
87 74
98 53
52 47
21 59
99 9
71 66
46 15
81 57
35 25
76 68
71 45
86 1
46 48
48 54
67 95
8 59
59 25
35 42
65 12
57 28
75 69
60 96
72 99
29 56
57 17
9 69
48 22
72 80
56 88
65 82
55 95
92 49
76 90
65 86
44 48
61 47
57 59
96 13
47 75
91 25
90 64
51 79
44 42
58 22
69 64
74 92
18 47
15 10
82 68
9 23
89 50
52 60
51 43
41 36
91 52
43 9
64 100
75 24
23 73
46 8
4 21
71 9
57 97
26 9
28 51
49 48
60 58
69 4
82 24
95 89
18 44
32 24
61 27
58 36
74 29
97 2
51 59
61 10
68 70
91 89
26 69
82 41
79 48
67 80
85 56
1 80
98 76
54 46
94 78
97 6
21 15
76 80
80 41
33 73
39 6
39 47
98 13
3 89
47 81
72 61
51 29
74 60
79 6
15 54
74 52
57 96
44 70
16 64
36 52
57 30
67 35
18 27
29 14
16 23
75 85
9 89
90 5
35 76
14 73
48 53
6 9
18 36
55 21
38 37
32 14
69 74
53 99
86 78
44 98
66 60
1 28
37 24
66 73
32 29
44 65
80 6
88 91
94 4
18 48
64 23
3 50
83 69
63 49
49 74
11 42
88 47
25 99
2 22
98 16
1 85
73 11
28 54
94 97
64 25
92 66
95 96
88 92
11 30
36 30
78 59
43 71
52 15
80 28
45 64
55 40
5 9
55 25
77 31
2 48
53 42
51 61
71 24
31 9
66 77
19 27
72 89
61 41
60 69
89 79
37 48
7 85
68 31
73 52
31 25
42 45
97 93
86 58
17 93
22 34
82 6
34 88
36 100
11 95
53 97
19 29
89 99
6 89
58 31
94 91
45 63
6 25
76 94
69 13
76 72
70 51
11 76
96 71
42 43
9 51
85 57
13 16
100 1
49 31
61 83
100 44
68 21
75 38
52 42
43 41
55 73
46 4
27 84
68 86
17 31
43 56
48 97
80 31
3 85
12 10
5 41
56 62
57 19
97 72
92 61
95 34
71 88
72 19
4 12
18 87
17 5
29 17
42 14
71 84
27 12
63 89
32 43
21 29
70 16
68 63
98 7
20 12
32 54
10 75
39 76
76 22
68 83
97 60
52 45
22 60
28 70
29 6
32 36
57 86
77 78
87 90
3 86
42 19
33 53
35 93
94 23
16 10
90 68
31 1
77 74
25 44
33 58
98 40
65 49
72 20
37 63
100 39
74 12
42 32
48 82
92 37
67 47
33 48
1 73
75 97
85 99
49 47
74 62
4 45
37 10
74 99
33 4
37 74
55 38
96 51
1 36
90 46
8 80
1 89
16 48
83 97
85 100
75 100
66 44
69 23
69 30
85 89
96 35
45 87
58 84
65 54
37 35
6 58
100 87
10 50
22 66
78 4
14 84
75 2
76 13
89 17
27 93
50 68
55 63
23 65
39 60
87 76
36 82
53 21
96 95
81 30
82 55
26 44
36 25
21 27
54 61
72 86
85 22
92 27
88 39
71 6
7 67
72 90
21 24
98 24
82 14
17 23
93 56
99 19
27 88
10 71
62 3
11 69
14 48
58 89
28 17
73 64
39 80
43 80
42 44
2 49
30 87
1 44
5 56
56 42
65 93
72 52
7 64
45 12
1 92
39 20
34 28
1 23
7 66
99 23
9 56
97 50
85 96
55 77
68 27
39 79
21 61
44 53
69 22
1 25
11 25
75 4
6 7
15 42
30 80
93 51
42 9
46 91
20 76
38 8
69 7
85 81
67 52
100 34
23 56
81 15
100 17
53 12
17 66
84 43
98 87
16 59
25 48
41 33
97 82
16 2
4 27
43 88
70 67
87 99
9 30
26 35
29 12
75 31
34 79
63 65
87 75
13 3
58 45
24 16
67 17
15 78
90 17
77 27
21 45
29 100
50 55
35 54
39 57
52 49
23 4
50 47
77 10
82 57
14 59
16 95
19 8
96 56
17 50
81 41
61 77
76 45
24 70
96 29
62 57
86 5
89 56
22 72
41 96
50 42
86 7
52 13
88 87
9 18
46 73
49 92
34 7
68 42
20 5
68 36
73 21
2 75
19 75
76 24
47 71
95 55
50 10
28 13
65 80
24 74
61 100
71 82
74 97
1 84
48 43
61 69
6 61
73 47
46 10
81 71
2 83
24 88
83 71
85 33
6 15
59 89
34 58
86 77
1 35
98 6
59 35
77 26
14 85
100 21
19 93
63 30
22 90
4 58
23 79
68 91
45 25
27 91
78 40
9 57
40 54
50 45
63 13
73 31
40 84
77 30
80 77
10 97
75 3
79 21
88 34
54 76
39 82
57 38
27 44
59 78
14 58
70 23
53 85
58 24
58 95
94 66
60 24
90 28
16 15
46 57
55 84
45 92
12 46
54 2
46 11
51 84
60 33
87 41
96 54
41 65
16 82
69 48
67 63
73 92
54 1
58 70
46 90
30 65
9 97
32 40
71 79
29 87
88 16
49 22
55 59
20 49
54 52
79 67
54 11
70 68
54 5
15 80
94 81
45 80
96 10
13 8
34 59
98 21
4 14
33 21
36 89
20 78
80 69
7 47
88 28
6 39
82 67
76 39
84 79
29 48
1 94
27 87
38 16
69 10
96 91
60 35
41 8
21 56
17 9
38 19
25 19
74 95
39 29
57 75
30 40
12 37
16 17
22 83
34 75
29 64
17 79
30 31
99 33
35 70
87 72
55 87
16 93
66 7
83 88
10 42
61 64
61 7
85 49
79 66
16 62
1 54
55 71
2 35
37 44
74 32
17 74
44 18
20 63
98 23
2 92
67 32
99 4
39 69
88 79
53 44
38 46
38 62
61 94
65 15
82 15
79 37
88 95
50 36
37 70
14 68
43 22
64 13
3 88
22 46
84 85
85 23
52 63
96 97
6 29
60 100
44 81
85 29
74 53
68 35
14 56
51 96
37 40
8 74
55 3
91 24
95 4
78 16
62 5
93 42
10 51
1 43
32 47
99 64
51 41
26 49
64 15
33 26
95 12
5 65
22 53
97 20
43 93
97 80
88 53
54 38
17 98
55 5
29 28
65 78
71 89
1 17
52 33
90 61
32 27
98 11
18 43
10 56
66 20
67 56
74 34
60 39
81 45
5 51
32 18
71 69
49 60
40 27
72 33
58 8
80 44
92 51
14 41
12 9
29 39
50 73
57 100
55 93
63 91
42 26
86 47
39 3
44 23
52 16
70 100
66 49
21 52
63 75
41 54
60 42
89 35
70 99
78 36
4 34
6 88
97 37
14 71
84 56
91 18
27 70
42 77
46 53
93 41
52 48
69 88
51 37
29 67
88 20
45 60
6 34
84 11
54 70
70 74
69 96
40 7
74 4
77 9
60 1
44 34
95 83
23 85
47 49
7 50
14 28
40 97
70 10
66 28
92 47
100 55
39 56
41 86
37 20
84 39
53 66
68 16
32 63
38 54
29 85
39 72
100 10
5 50
17 38
96 66
90 40
100 88
86 2
45 71
51 71
2 20
57 94
2 76
37 14
15 93
3 41
5 47
7 5
63 14
75 79
100 37
5 15
89 21
50 78
32 82
89 66
21 81
22 51
54 14
43 63
49 32
81 34
62 26
69 11
26 36
19 39
27 6
64 4
96 63
74 25
96 18
66 93
40 87
25 4
75 91
34 20
23 55
30 42
62 36
21 88
75 1
80 35
19 70
45 1
88 33
64 90
92 70
45 36
38 26
12 57
42 71
23 19
60 41
35 59
89 60
15 13
48 84
55 79
11 36
16 44
19 68
43 8
99 62
8 39
79 26
33 68
14 75
34 81
52 65
42 22
7 28
47 82
82 1
48 76
74 59
49 88
59 82
7 31
99 43
9 72
57 49
74 45
62 79
92 19
39 88
39 86
84 3
88 66
43 87
35 52
62 15
97 9
58 61
23 49
62 94
13 15
6 92
29 97
82 75
17 33
38 61
94 62
1 86
14 78
40 41
83 5
6 97
32 70
70 52
77 98
31 75
18 58
22 40
60 85
75 82
97 70
54 59
92 15
71 48
54 4
19 30
77 16
93 17
61 46
77 59
99 11
56 65
94 51
64 97
79 50
84 15
50 39
8 91
25 78
14 55
20 59
55 39
12 1
78 83
60 83
62 76
21 96
22 14
89 57
64 86
11 15
41 69
17 57
7 42
61 5
28 27
37 84
12 62
43 27
21 94
64 34
13 89
31 19
58 86
88 94
31 95
11 53
18 72
85 42
8 27
69 63
52 9
16 36
3 56
5 8
31 37
62 18
37 98
56 81
25 83
43 72
83 99
92 84
77 50
61 9
1 49
41 75
70 98
56 72
2 57
15 91
44 19
26 81
22 81
24 2
10 26
14 90
81 78
8 86
76 84
87 30
67 58
12 55
41 42
24 75
79 82
32 86
30 85
49 55
62 17
55 41
37 58
18 56
64 70
43 18
86 46
61 45
48 45
79 43
3 98
44 77
59 5
26 72
43 28
69 58
69 39
36 13
49 28
32 35
54 34
74 65
98 18
62 30
31 13
79 3
92 87
41 66
60 3
18 80
35 27
3 67
17 69
40 62
49 42
11 35
36 65
39 2
47 60
24 13
53 9
95 90
17 61
94 45
37 13
98 69
74 35
86 100
57 54
77 90
5 37
49 13
77 47
82 77
11 79
23 97
99 81
63 16
92 45
54 19
88 83
96 17
33 47
15 95
45 66
59 12
22 35
18 76
36 46
34 92
25 5
74 71
18 35
35 69
19 38
38 11
65 18
87 21
86 31
46 87
60 56
28 58
42 33
89 78
26 31
5 79
51 100
54 90
18 54
8 26
76 33
76 3
46 96
31 50
65 58
100 18
98 91
14 95
75 5
76 87
57 42
49 38
69 9
27 35
81 95
1 90
4 36
10 8
68 9
61 54
89 55
2 59
97 38
43 79
72 63
54 67
25 31
71 10
59 1
23 18
26 64
60 86
66 63
49 24
94 42
40 3
12 95
83 46
28 31
39 1
7 95
47 90
82 90
96 20
48 13
10 70
2 94
80 53
36 34
28 1
5 73
72 70
93 36
63 88
18 90
29 68
42 63
34 57
59 29
34 82
82 88
26 23
42 85
81 61
95 26
34 17
58 57
30 71
74 38
42 28
71 68
52 32
100 56
65 35
19 86
77 95
67 2
3 70
18 33
33 52
1 87
79 85
45 6
49 14
77 13
49 39
35 45
9 41
17 64
38 22
23 78
45 22
83 55
99 78
20 46
5 55
92 90
13 83
41 84
13 22
19 25
95 6
54 63
71 36
20 75
87 14
11 98
28 11
37 1
99 96
14 4
32 65
22 24
67 62
71 96
84 55
91 27
53 35
73 81
74 54
32 77
16 81
15 29
66 27
4 7
25 13
36 19
25 23
30 100
85 95
49 53
44 33
12 58
23 69
54 57
25 29
62 84
64 28
74 84
99 48
51 87
55 56
46 60
94 60
73 20
92 83
7 22
88 5
16 8
22 1
63 9
63 93
57 60
68 62
87 54
38 31
53 88
4 25
5 84
10 32
77 35
41 9
89 3
47 38
1 34
25 17
33 99
48 31
6 40
67 48
53 6
80 93
61 88
99 22
46 32
85 75
21 71
29 15
56 73
71 83
32 76
40 49
91 13
78 62
33 17
54 84
64 14
82 29
35 8
56 11
28 39
2 44
24 78
84 76
67 40
99 55
82 65
17 70
13 1
77 94
4 52
18 93
40 80
63 44
28 3
28 66
65 61
54 88
43 64
44 61
27 47
3 53
22 58
100 72
89 28
16 1
3 38
81 9
94 10
17 89
89 92
1 9
65 34
71 57
85 38
55 6
56 50
12 29
42 13
47 58
44 62
3 8
27 76
41 87
84 74
23 82
29 65
40 86
52 8
15 71
10 7
36 8
19 66
26 90
72 92
35 17
53 93
79 18
59 75
13 32
26 99
41 82
6 26
78 67
90 15
93 20
36 94
15 96
84 77
96 19
99 3
16 5
68 55
2 28
2 97
82 7
85 88
49 41
45 19
6 67
44 56
24 5
13 87
46 67
48 10
87 62
52 55
61 40
38 14
15 86
91 42
21 12
13 84
94 56
16 75
75 73
67 51
70 84
3 52
48 57
65 96
64 65
23 15
45 74
48 79
43 14
27 59
8 2
22 62
51 10
77 32
51 92
58 80
77 92
78 60
42 54
87 93
95 46
56 39
79 25
27 39
95 5
12 34
27 96
78 89
48 66
54 43
32 23
10 65
22 12
73 59
16 69
4 88
15 12
37 93
95 88
80 78
98 43
48 64
73 32
70 54
18 28
87 17
27 38
53 22
3 99
67 97
70 78
9 91
94 38
67 76
45 81
89 72
91 17
95 79
98 84
57 24
24 53
76 83
73 44
16 98
20 55
38 27
33 2
81 72
32 51
53 64
6 27
28 4
50 72
28 99
20 9
51 24
88 49
79 68
28 87
91 21
24 27
48 19
58 13
98 25
20 2
44 75
39 77
92 60
1 98
62 49
77 33
93 21
33 64
27 56
14 64
8 79
13 75
13 21
92 62
38 18
24 94
52 79
7 43
29 18
15 90
20 7
92 36
4 16
65 41
21 89
71 35
7 18
57 92
35 87
13 30
63 38
98 49
68 56
45 70
4 92
48 77
75 62
14 94
8 36
65 63
10 11
41 4
60 36
31 91
35 34
65 30
90 88
36 32
7 9
10 19
28 45
81 80
17 3
20 58
83 29
66 14
70 72
54 22
32 92
64 48
3 29
42 39
91 41
61 4
88 4
39 33
66 94
20 95
52 1
89 94
14 81
75 49
49 18
94 61
74 13
91 99
40 94
78 34
90 13
4 17
29 75
38 3
81 8
74 3
66 71
82 23
36 50
61 74
50 82
17 39
83 32
20 86
53 54
5 83
58 32
17 4
81 28
36 48
88 32
86 28
21 9
63 32
1 67
3 94
100 64
9 81
19 18
65 59
74 76
92 96
13 52
32 69
51 56
46 76
60 87
71 50
69 1
24 33
25 97
68 78
17 92
70 96
6 19
49 59
21 90
35 58
91 66
91 63
19 95
17 95
84 66
72 17
43 6
88 42
89 39
9 77
56 89
4 41
63 19
84 44
86 75
14 76
63 86
92 80
5 22
48 46
30 18
38 57
52 87
63 41
82 21
66 100
4 44
78 7
7 8
85 26
22 63
69 6
11 45
41 68
67 50
19 43
49 46
47 74
17 78
89 88
83 96
100 92
85 30
38 20
37 77
1 14
87 39
45 38
94 41
51 91
67 86
46 28
42 67
72 7
8 64
17 30
28 41
38 79
91 8
66 43
47 33
34 43
60 48
11 84
63 6
21 7
43 74
76 20
9 28
39 74
7 29
19 28
13 72
52 50
95 7
50 27
69 12
4 67
8 87
15 52
56 69
82 36
87 49
50 74
78 72
86 10
17 86
54 92
30 28
50 76
85 70
75 6
63 100
26 95
7 37
23 22
48 85
24 55
21 99
2 43
56 57
27 49
50 13
40 81
63 61
92 2
52 38
45 94
21 100
56 85
76 34
41 59
15 22
19 47
99 12
7 48
3 57
47 17
92 95
37 76
71 27
53 75
64 52
31 23
75 15
31 64
84 68
98 100
93 61
38 21
3 32
14 74
41 2
90 26
41 91
91 44
60 29
41 55
65 42
95 82
69 5
58 39
100 54
15 7
30 94
96 72
22 6
87 98
13 39
38 5
67 37
31 32
38 99
81 92
73 28
96 26
33 94
93 100
35 84
5 91
40 83
22 43
37 91
93 38
73 74
41 49
55 24
34 35
93 26
51 30
23 24
44 100
95 32
90 25
2 98
14 46
83 95
12 40
28 18
47 11
90 23
45 79
64 68
88 40
36 56
10 86
72 71
20 34
43 39
22 98
43 17
82 69
13 34
14 72
62 40
76 59
98 47
13 96
21 49
35 95
12 83
81 96
73 33
100 95
22 18
30 49
20 30
71 86
72 39
23 31
74 19
97 43
69 43
14 86
23 92
29 22
82 32
93 13
24 61
76 64
65 75
15 47
63 51
22 85
22 77
16 29
44 14
31 78
24 60
38 10
54 20
16 45
23 96
75 13
85 24
22 64
84 92
5 42
69 18
74 16
82 100
75 51
5 53
40 68
48 28
68 97
87 80
62 66
82 71
34 32
64 32
60 9
18 14
64 5
70 80
72 95
77 7
15 64
32 78
37 18
46 51
26 2
41 48
50 91
13 78
30 11
31 73
82 98
75 23
91 35
74 1
66 6
17 68
1 20
13 92
70 46
43 54
47 4
42 57
69 98
33 62
11 62
77 11
48 25
55 54
78 46
48 26
90 71
46 18
31 28
39 42
69 27
73 45
50 63
89 33
33 44
31 59
56 92
81 90
44 87
41 15
44 86
45 97
100 78
16 26
40 39
41 40
64 33
83 79
67 41
5 63
12 41
70 64
76 31
85 77
55 91
87 34
33 5
88 73
89 51
8 53
9 52
27 60
10 99
27 85
28 98
66 16
46 14
48 24
48 27
6 11
78 39
14 7
91 87
45 61
72 93
87 100
32 93
80 97
90 85
2 91
27 62
6 93
88 27
24 23
40 93
65 24
74 79
35 91
20 13
17 15
27 29
94 33
33 65
79 74
35 57
21 72
78 61
78 79
100 67
63 82
84 23
70 93
92 75
31 33
59 97
2 54
6 87
71 76
81 10
9 83
66 96
57 81
79 32
39 36
69 19
43 23
20 50
44 59
46 39
49 25
92 20
3 54
57 71
30 59
68 39
6 24
54 27
98 17
37 43
71 54
25 73
49 93
97 90
21 93
67 77
84 59
22 57
86 36
53 33
24 91
36 6
91 20
89 87
34 23
86 8
19 81
66 87
27 16
19 77
30 68
60 51
89 16
16 35
51 97
46 33
99 8
7 6
43 46
36 41
79 8
39 48
58 50
5 46
3 21
42 35
8 12
33 78
43 100
45 2
58 20
66 51
59 47
47 66
53 14
70 65
3 2
15 56
73 42
95 84
36 15
91 96
60 89
36 45
46 35
48 52
100 43
66 83
12 90
36 44
78 25
2 60
47 99
34 15
46 70
86 62
45 26
9 74
30 33
48 90
46 23
72 50
31 27
29 81
46 63
79 62
23 26
49 54
37 22
79 65
97 96
89 96
87 56
38 32
74 85
18 64
49 17
24 3
17 45
35 24
20 54
76 51
69 17
38 71
2 51
46 85
90 80
65 90
71 29
4 70
21 20
40 28
5 31
38 35
24 57
10 66
12 6
57 67
43 66
14 66
23 88
25 63
83 4
35 11
93 3
55 10
58 81
61 25
86 53
32 57
58 78
77 69
100 25
99 100
7 10
81 77
87 38
46 2
58 23
92 55
45 42
48 67
24 4
25 67
88 31
92 52
58 1
55 72
62 44
79 19
64 98
59 19
85 84
87 46
39 58
63 98
48 17
93 9
81 100
2 95
66 42
14 23
53 4
99 50
56 19
65 7
44 6
2 53
72 97
73 65
13 31
40 26
76 10
72 59
82 49
83 2
62 13
62 27
25 27
10 33
48 55
9 61
29 30
51 98
20 16
54 83
69 2
5 49
35 81
92 41
23 57
60 38
7 32
54 15
59 86
46 49
86 91
93 91
97 46
96 43
95 47
22 36
42 86
84 7
59 28
89 5
61 31
59 24
92 67
43 81
1 68
60 32
48 63
48 95
83 45
16 6
22 42
94 98
19 49
26 84
20 37
99 2
100 7
48 41
51 54
79 39
56 94
53 29
95 48
88 43
9 14
22 88
20 97
98 19
41 43
11 52
24 14
95 14
12 82
84 65
89 24
3 77
61 16
3 5
2 31
40 98
56 76
75 72
28 55
86 3
35 6
59 81
36 1
42 65
71 16
59 27
30 4
47 8
54 72
27 48
79 13
7 38
30 32
69 71
9 94
55 70
78 65
82 81
45 21
93 30
28 14
84 73
2 33
14 89
60 97
62 59
86 98
2 46
48 35
50 33
85 55
16 66
90 47
54 98
11 67
57 56
98 41
53 89
76 100
78 88
99 84
4 54
87 3
89 9
58 75
93 63
57 84
51 58
80 86
80 95
91 48
86 26
59 16
20 81
7 69
81 43
68 14
74 56
36 17
85 59
4 6
98 26
26 22
37 73
82 13
71 91
42 46
89 91
68 11
32 87
53 90
20 18
26 33
35 23
8 78
30 61
58 97
78 35
86 33
91 79
5 7
74 42
40 95
59 65
89 7
56 83
27 94
57 73
65 66
92 94
33 34
18 67
50 96
35 56
63 70
52 99
33 8
56 75
52 88
72 1
23 35
6 8
11 65
90 97
14 3
74 83
11 32
96 48
28 6
29 63
9 67
60 13
33 89
37 60
40 63
76 79
94 26
95 33
70 61
82 17
80 14
39 24
37 15
13 35
31 93
40 82
17 20
26 62
10 6
54 21
86 39
52 53
92 22
44 16
2 37
58 30
40 59
88 71
91 39
40 74
11 13
71 39
48 51
7 36
12 36
14 60
92 68
56 41
94 19
60 47
70 97
17 54
39 53
4 57
83 18
9 25
15 48
29 90
86 82
72 38
68 18
71 13
39 75
70 69
34 29
53 69
67 89
5 26
96 60
32 4
6 48
16 63
86 34
26 92
2 30
70 83
70 21
100 76
84 61
21 40
88 100
6 47
25 91
29 26
88 30
47 92
36 55
66 82
59 54
35 28
6 71
56 14
84 34
97 95
68 5
12 49
20 15
56 68
67 92
72 77
87 8
97 81
46 61
34 61
41 94
70 44
84 95
99 65
93 33
69 15
42 20
19 22
62 91
64 94
47 23
36 98
66 98
4 61
50 18
11 46
6 21
43 78
57 62
97 52
95 18
96 1
49 94
95 75
72 12
51 39
61 76
62 87
10 28
79 49
52 23
20 6
30 9
8 100
84 87
17 52
44 30
64 63
73 29
17 97
21 63
26 76
41 31
64 17
45 85
8 67
57 68
5 89
80 23
63 26
92 72
8 89
88 55
30 41
58 21
70 94
8 19
41 79
16 92
47 10
66 24
93 82
49 33
95 8
8 23
88 45
88 7
42 64
92 8
82 92
3 73
100 24
2 58
54 75
34 45
64 6
71 59
73 22
94 84
16 4
98 81
95 65
81 4
63 4
12 20
50 77
96 45
2 68
30 50
76 54
100 75
77 64
8 35
21 69
32 41
41 7
44 54
23 34
4 91
11 8
99 42
36 70
67 78
100 15
38 28
55 61
74 47
11 38
40 57
44 12
60 2
76 16
31 77
56 27
28 8
78 99
88 48
24 30
4 19
55 11
8 37
90 63
86 64
92 42
9 2
15 74
30 82
18 63
19 5
21 67
1 77
12 75
28 71
24 92
80 26
9 11
84 25
2 77
70 30
6 28
45 37
65 23
56 64
58 83
9 96
57 20
60 72
100 38
53 5
24 1
87 20
97 61
59 6
96 94
40 79
16 38
24 98
31 56
10 1
91 73
20 85
9 35
79 30
92 65
29 47
1 8
1 100
100 45
21 83
13 88
56 23
27 58
60 91
100 63
39 15
89 32
59 69
25 87
9 93
32 46
53 68
72 40
36 27
55 64
88 90
18 39
12 99
16 25
38 63
19 31
34 86
55 76
81 59
96 34
30 95
25 54
54 31
93 60
70 73
22 95
86 17
34 31
68 57
91 72
17 16
74 50
1 16
14 8
25 9
65 3
12 22
22 48
75 65
15 28
23 30
62 37
67 61
13 61
45 69
54 49
55 35
27 57
56 82
72 22
81 23
13 65
37 85
58 33
14 65
20 4
76 48
93 72
91 33
61 33
6 3
25 82
78 97
55 42
65 22
81 35
66 86
37 78
44 9
59 70
70 28
98 39
27 79
81 75
20 52
62 70
85 28
39 54
73 87
99 27
33 91
71 47
13 20
27 41
4 39
12 26
21 8
15 17
58 56
81 2
71 30
10 47
20 96
5 71
32 17
56 20
100 73
15 84
18 9
25 40
40 2
56 7
22 75
45 41
83 54
45 96
96 24
100 13
50 67
57 2
61 24
77 60
95 78
34 13
69 75
10 40
82 74
9 21
70 90
92 39
94 69
77 57
92 33
51 46
38 66
47 84
53 83
64 51
89 64
83 78
69 59
82 99
90 8
93 23
73 25
15 30
23 54
23 48
27 32
87 22
5 59
72 47
84 78
18 49
84 96
94 15
40 31
65 27
66 88
97 57
6 32
53 92
6 52
97 32
87 61
7 87
61 78
87 68
3 27
26 80
68 47
100 12
17 11
8 98
31 48
38 91
70 4
5 78
35 39
78 92
80 32
98 2
26 1
87 43
31 34
96 21
25 22
54 16
68 48
89 36
33 54
49 80
77 84
92 34
17 44
86 6
61 3
53 59
23 12
3 74
38 53
53 18
14 96
46 84
82 9
48 44
36 35
68 61
68 24
53 58
82 63
22 80
46 64
67 19
90 76
30 72
64 53
57 87
4 38
80 39
87 4
98 83
5 14
40 8
43 32
87 84
57 5
77 58
82 33
40 56
82 3
10 41
65 79
8 18
88 67
42 16
68 64
28 92
3 36
10 15
59 38
82 48
69 35
74 72
8 5
48 99
72 31
73 75
1 53
87 77
15 24
37 31
58 92
96 62
78 1
68 58
96 40
94 80
67 30
71 87
20 26
55 58
29 20
43 34
71 80
41 10
64 73
72 11
97 28
29 76
29 72
85 20
22 32
86 88
93 79
53 74
50 95
80 11
12 86
19 20
74 51
6 94
57 13
24 72
38 50
64 47
5 35
81 17
89 45
35 85
56 48
51 93
64 9
64 27
20 74
47 89
50 90
83 66
47 100
72 78
81 49
74 43
64 36
14 47
20 35
39 87
18 97
80 19
15 43
96 14
3 55
82 66
54 80
32 55
84 9
35 51
13 58
3 34
42 68
17 28
68 23
60 7
99 82
79 55
85 47
38 75
55 26
84 13
31 65
34 97
81 67
64 80
62 29
55 2
100 6
77 19
12 89
100 94
74 26
47 88
70 45
6 51
84 93
11 75
27 25
72 48
50 56
81 26
25 98
39 21
69 8
40 89
51 99
52 21
76 97
74 91
21 39
53 50
78 95
40 61
71 67
26 27
96 80
96 67
3 14
62 48
8 24
33 80
20 29
64 37
2 17
60 88
26 24
23 68
76 75
98 10
14 27
45 90
59 87
4 75
13 7
60 14
66 37
51 82
72 35
76 58
90 98
81 86
74 9
98 33
9 38
64 56
86 27
54 68
88 12
28 85
95 3
51 88
43 26
32 20
28 76
70 39
23 63
92 28
22 67
28 57
73 35
83 20
83 27
41 52
71 43
91 22
16 12
19 80
53 20
74 69
67 100
24 84
11 18
45 75
80 13
97 59
71 63
75 17
79 2
83 36
5 100
76 88
90 43
51 64
76 11
39 67
19 56
15 66
69 100
88 17
88 60
62 65
90 67
51 94
32 1
49 8
8 73
91 61
58 26
38 60
68 28
10 61
64 96
83 1
33 95
17 62
34 98
74 37
85 1
23 10
42 38
81 64
81 91
79 9
74 98
79 1
90 62
56 24
1 2
14 87
76 23
23 32
68 1
75 58
71 19
90 58
90 86
95 85
24 40
17 55
29 53
51 6
49 96
75 43
76 86
57 48
28 2
94 90
97 53
20 92
16 42
49 64
35 7
12 81
15 72
32 83
96 49
39 91
62 28
60 37
90 20
14 61
16 47
21 26
39 35
62 32
78 27
55 23
99 40
67 45
96 37
95 23
42 93
99 32
45 76
60 98
92 50
39 61
55 30
66 69
13 11
10 24
25 12
37 83
55 90
16 3
53 65
68 79
58 87
40 47
71 22
63 10
22 92
84 72
71 75
18 45
85 48
25 90
88 59
23 47
15 2
32 42
88 84
20 19
84 12
81 58
82 87
79 78
27 23
14 15
51 49
95 61
10 63
2 7
24 87
38 43
5 70
86 11
44 91
63 85
36 95
38 17
8 9
28 90
53 80
97 54
100 84
73 43
68 50
67 10
51 95
24 10
62 23
91 70
43 35
83 48
17 71
90 84
41 19
81 18
84 46
59 67
20 10
63 79
76 82
62 54
37 86
82 44
95 50
82 83
60 34
70 17
15 75
41 14
62 39
49 69
6 55
31 53
84 47
75 61
9 95
61 50
68 37
10 37
43 7
11 59
2 90
42 48
50 8
49 16
50 84
97 77
80 71
21 18
42 89
29 35
53 67
28 19
12 51
51 47
28 100
90 35
28 46
19 73
39 23
94 52
16 50
49 12
89 13
24 17
62 45
58 91
78 18
53 100
17 80
90 29
57 37
36 7
43 90
12 35
62 33
77 79
13 24
67 23
99 60
10 80
73 57
69 42
77 86
31 20
4 84
72 3
83 82
10 76
68 84
37 17
67 54
21 58
33 71
68 22
35 68
50 92
41 83
62 72
87 11
14 39
74 28
65 64
64 72
19 48
31 61
8 92
58 98
92 30
25 76
15 39
4 32
22 11
92 14
98 34
4 100
77 67
34 4
16 41
26 89
35 100
77 71
48 7
86 50
99 49
62 86
92 81
67 12
93 27
71 64
31 14
70 92
78 75
48 94
28 50
53 11
71 78
56 79
67 81
34 90
46 75
98 30
81 63
90 83
91 77
69 3
77 25
9 5
47 39
63 29
2 88
79 24
89 15
57 45
54 41
100 91
92 16
44 67
33 7
30 3
25 88
52 92
52 5
85 66
11 44
5 36
27 65
73 94
95 1
45 10
88 65
3 92
43 99
46 41
61 86
35 92
99 73
1 30
22 38
68 89
47 32
18 41
40 55
87 85
56 74
31 88
93 7
49 76
99 1
74 14
99 31
45 83
6 16
10 13
33 57
30 53
8 88
13 69
84 17
42 73
64 88
8 85
8 15
82 79
58 3
53 57
19 14
63 94
64 46
96 68
52 25
97 11
75 95
80 30
69 97
98 72
8 22
11 2
43 95
54 89
84 41
5 96
93 6
100 66
69 82
63 39
37 42
78 48
53 17
24 42
50 14
6 59
93 59
47 7
93 81
56 90
45 15
36 4
57 1
4 80
48 58
60 20
69 33
81 25
3 60
15 83
59 85
60 92
77 96
97 7
2 69
58 28
81 31
62 46
33 63
73 86
3 46
85 21
93 47
96 38
12 27
38 45
46 9
49 50
81 40
45 47
27 22
38 85
97 39
7 26
48 61
77 65
75 98
20 93
79 57
72 64
2 99
21 16
62 99
67 34
50 25
65 92
96 84
55 36
2 10
40 76
43 76
38 55
63 60
64 99
35 80
91 57
66 55
22 70
14 2
18 50
21 87
13 10
13 100
61 55
4 63
89 23
85 68
32 84
28 48
13 99
32 58
4 31
41 77
27 82
43 38
5 75
15 67
90 16
20 36
93 88
8 71
16 96
60 15
66 78
22 15
51 90
8 41
28 52
44 74
68 51
70 14
87 52
5 28
77 20
82 76
81 70
71 31
88 15
27 1
5 64
95 63
21 6
81 62
43 60
33 32
69 86
4 23
37 52
58 64
85 10
28 68
73 68
8 4
61 36
86 61
97 34
2 42
31 54
72 27
42 47
42 99
3 28
47 48
73 72
7 35
15 61
58 77
90 56
62 35
69 70
29 36
9 46
79 40
80 91
61 65
50 62
43 68
30 96
46 100
29 41
80 46
12 3
38 1
79 54
56 99
58 11
86 25
62 97
69 67
85 46
73 58
35 13
50 89
89 52
53 94
9 75
5 99
47 27
45 33
97 66
11 57
91 40
49 86
62 52
92 31
6 37
36 54
37 65
65 84
78 56
6 30
55 98
99 76
94 72
53 60
26 18
69 91
46 97
13 79
90 18
21 92
42 41
97 64
79 17
11 90
57 88
4 98
86 63
60 73
4 10
77 17
77 73
78 50
17 73
68 26
26 15
49 98
18 73
43 70
63 62
4 1
5 57
50 75
93 64
95 41
65 16
67 60
4 5
99 79
49 40
42 97
20 57
69 66
60 50
98 4
95 44
8 82
24 56
52 56
89 65
36 33
36 66
60 8
5 67
52 37
29 43
87 97
100 82
29 1
35 21
51 2
42 10
33 66
99 7
48 68
93 50
38 49
30 67
38 67
14 20
57 43
80 7
40 20
54 94
29 78
33 38
49 75
31 44
7 94
86 43
11 29
18 30
28 36
10 38
46 40
97 8
49 27
73 76
79 89
99 51
95 70
72 69
66 17
41 61
91 82
3 96
47 64
33 43
36 16
53 38
1 48
36 31
90 91
56 38
97 62
6 100
29 10
27 19
18 78
41 53
3 71
89 69
77 21
32 28
61 70
99 34
98 3
36 21
94 5
26 32
36 29
83 17
89 1
35 89
67 71
90 33
54 73
66 2
56 26
9 54
55 100
38 59
53 47
88 85
6 73
16 71
77 42
91 49
53 25
64 31
7 75
100 90
64 89
9 59
18 1
1 39
19 4
48 92
44 20
51 83
55 92
48 50
51 65
100 97
13 26
35 30
46 6
97 99
35 82
98 93
6 1
78 98
65 25
41 35
65 48
79 33
95 43
32 33
44 63
81 74
52 67
4 37
50 40
34 41
14 31
29 46
46 93
5 23
72 21
23 43
66 40
66 46
36 3
53 84
83 16
50 4
57 8
66 21
26 82
53 1
32 45
80 82
20 94
39 26
81 44
72 56
70 50
77 62
96 15
16 87
52 34
60 62
84 8
41 24
32 25
69 93
70 56
16 34
99 44
5 54
94 79
7 12
98 64
1 62
37 97
21 1
56 78
59 57
86 22
39 62
54 58
21 55
43 24
69 89
80 2
24 28
66 95
61 84
79 15
99 91
27 81
31 41
36 47
6 76
45 31
47 56
23 64
68 76
83 67
15 36
46 1
80 47
99 52
68 88
89 70
23 20
87 86
31 98
47 51
55 78
52 96
84 50
11 63
7 55
31 67
59 95
78 87
54 50
3 20
53 2
51 15
68 8
28 75
92 97
72 43
38 25
99 56
4 22
8 45
11 23
18 68
59 60
52 81
79 64
12 23
65 100
15 81
56 12
4 9
11 17
100 32
54 23
40 38
75 25
38 39
100 16
22 97
65 72
83 60
34 18
44 85
2 62
18 6
48 87
25 43
15 45
80 75
84 63
11 43
53 63
91 98
77 28
73 14
26 41
20 84
50 53
47 77
13 49
93 62
58 15
38 73
7 63
88 37
72 25
29 62
54 87
60 53
65 20
79 63
27 67
33 59
21 31
66 67
22 76
35 18
30 73
18 24
88 98
55 85
92 74
91 9
100 69
33 74
100 42
27 77
41 71
78 43
14 10
13 50
21 3
91 19
4 42
98 14
43 40
9 13
91 34
10 31
19 99
73 80
94 28
53 61
94 16
95 54
80 5
35 5
59 90
83 10
13 57
16 84
88 24
34 36
19 53
50 65
17 27
54 37
71 58
33 70
52 64
36 74
44 66
54 45
99 37
49 84
58 62
71 97
51 42
55 75
73 63
24 41
89 8
57 52
99 24
70 13
84 40
41 57
3 80
32 95
87 78
44 92
87 29
7 65
39 11
45 16
17 47
73 16
55 62
34 70
99 94
74 96
36 71
78 28
35 29
7 73
31 81
22 13
77 5
31 60
35 14
2 79
46 98
23 39
67 79
16 65
38 4
86 38
2 27
61 79
91 28
35 64
23 98
35 44
73 82
94 58
46 69
31 46
14 82
13 29
40 53
72 79
36 51
63 37
20 51
24 6
93 18
80 52
99 5
47 5
72 85
64 85
50 52
85 8
84 27
83 8
14 44
36 76
14 77
16 14
32 15
42 94
11 89
40 14
90 59
57 50
40 18
10 94
24 85
74 82
34 87
88 44
56 70
28 62
56 44
10 81
84 18
11 72
35 66
94 31
12 50
30 98
8 97
77 76
96 53
21 28
18 65
37 71
6 68
18 38
19 26
33 45
63 64
65 51
96 25
12 87
40 66
34 10
61 97
8 14
66 50
45 3
93 67
19 32
69 83
95 39
48 37
3 31
7 45
19 69
94 2
84 14
49 30
84 98
10 12
93 43
31 2
99 85
24 19
79 20
14 17
26 20
28 38
50 22
74 68
37 100
17 48
26 28
40 100
39 22
11 39
81 6
55 44
30 34
41 50
72 14
58 74
75 66
44 4
72 94
70 32
10 45
35 49
72 29
21 68
61 96
71 62
76 28
65 81
17 41
23 33
80 20
52 78
79 34
20 31
49 91
99 86
23 7
40 50
60 66
35 2
58 68
75 26
30 8
52 27
91 58
73 51
4 96
58 12
64 78
67 55
1 96
60 64
29 3
8 46
79 7
50 59
59 45
42 96
43 21
83 85
38 81
5 45
37 19
9 40
81 21
68 53
100 8
14 21
66 4
32 49
62 10
95 66
18 40
73 37
13 46
35 98
42 81
90 78
29 16
50 2
12 61
78 33
89 22
21 82
28 15
33 18
87 79
25 84
91 12
74 8
20 71
41 63
60 12
55 67
92 53
23 41
75 80
59 74
61 34
69 90
11 21
90 30
6 12
51 60
86 32
53 96
85 74
34 9
86 13
43 36
78 70
39 27
65 2
61 42
49 44
11 96
88 19
30 12
31 3
97 89
1 3
48 69
87 59
51 36
67 98
3 1
87 70
94 20
44 93
79 44
100 53
74 55
5 74
85 11
78 2
4 69
46 50
4 33
84 20
19 88
26 100
28 64
75 54
14 50
92 29
29 21
45 23
91 2
91 5
37 4
50 31
49 58
94 29
47 37
82 62
5 25
50 9
42 78
67 26
97 24
68 17
67 22
80 17
8 10
31 45
39 17
39 50
94 70
63 83
99 20
38 13
87 53
31 100
69 36
87 19
62 77
81 16
45 17
91 67
13 36
91 56
1 66
54 51
63 28
24 100
71 99
80 58
12 80
39 44
99 75
59 68
39 83
51 45
67 7
27 95
41 34
96 2
66 41
72 49
38 7
87 47
98 57
80 89
44 46
81 7
5 80
63 22
90 44
82 40
3 22
42 90
63 71
1 72
19 34
22 100
93 14
20 1
32 100
42 36
55 50
52 61
66 39
73 9
57 78
33 69
89 12
53 23
59 53
15 57
2 29
25 1
63 58
18 99
12 43
42 3
83 9
88 99
52 17
78 17
6 95
4 66
40 6
86 49
15 18
9 16
99 41
77 23
58 93
79 71
18 91
93 57
92 44
96 88
11 10
71 34
10 62
36 38
16 85
49 9
13 93
32 56
4 3
34 27
49 57
1 60
62 9
88 86
87 67
88 70
48 75
45 77
92 40
11 68
73 13
80 81
37 79
46 29
44 11
43 25
69 38
30 37
47 62
93 10
42 88
81 65
7 53
34 3
78 49
39 18
40 29
11 37
95 9
48 39
26 39
3 6
40 92
59 48
31 58
4 87
53 77
79 75
45 52
64 35
12 52
52 54
81 39
4 26
59 58
19 17
25 30
4 99
49 67
43 73
15 65
40 75
50 51
93 86
63 57
6 85
95 56
30 51
87 82
35 61
22 28
99 72
37 80
52 86
90 12
90 3
37 32
93 48
8 11
26 66
50 80
9 34
87 60
96 28
80 51
2 66
79 60
1 13
11 19
7 78
51 77
27 61
16 11
73 85
80 4
18 53
46 79
55 49
83 65
89 53
55 65
97 67
60 44
14 69
51 80
96 44
63 54
46 27
80 27
18 11
8 66
20 72
8 30
82 38
32 73
67 49
59 46
80 25
42 80
100 22
61 28
23 58
91 90
2 5
7 30
34 74
85 98
72 54
81 1
20 44
81 3
56 32
46 47
62 90
77 24
50 6
11 66
27 33
93 75
84 37
34 85
72 76
16 76
73 98
78 94
3 19
10 44
19 97
12 14
50 61
29 9
60 55
52 94
75 30
95 49
96 31
64 95
84 21
62 24
13 62
31 79
92 82
8 57
37 62
23 25
85 32
32 90
46 44
7 58
100 79
48 12
19 92
64 8
7 17
11 50
42 27
52 30
28 16
86 84
56 37
66 32
82 45
64 45
13 97
56 43
43 83
79 86
33 12
82 4
57 18
91 84
73 49
75 35
90 51
8 31
74 41
8 29
11 73
62 95
80 83
24 49
28 26
65 98
66 25
30 15
29 77
36 87
23 29
86 95
36 2
48 93
39 30
92 91
88 35
92 78
17 12
6 49
21 57
6 46
65 40
93 55
3 68
33 35
37 2
5 6
51 62
34 93
71 44
76 37
92 98
80 10
86 68
58 88
48 47
54 48
29 66
75 45
26 71
92 26
91 32
25 56
37 50
76 36
8 7
29 58
49 37
74 73
89 11
74 46
73 4
62 16
63 78
35 22
3 82
3 59
71 11
40 78
23 75
75 28
93 69
57 16
22 74
59 11
6 82
73 19
48 18
21 80
4 20
35 97
68 12
28 12
24 35
47 35
17 58
90 53
77 14
93 34
26 91
99 70
87 6
97 75
70 9
52 83
21 79
56 25
100 81
16 18
81 68
30 26
61 11
93 87
35 3
39 28
21 5
5 29
22 91
64 59
69 46
53 45
97 91
11 48
76 26
85 4
80 55
15 16
41 11
43 67
66 79
81 83
84 94
32 59
89 48
86 93
47 87
90 41
66 56
90 49
74 86
79 31
58 85
93 44
31 80
32 6
81 85
97 10
10 58
15 73
14 49
95 98
25 21
4 28
16 9
14 53
32 34
51 16
91 53
85 73
3 62
58 55
70 60
63 21
9 63
93 40
97 55
54 56
60 80
28 59
2 65
54 32
50 15
27 42
83 76
76 30
55 27
61 95
70 24
60 70
67 42
34 46
24 62
57 93
32 80
32 81
72 88
82 56
8 72
2 4
17 91
8 42
70 31
56 5
70 71
9 66
54 42
76 50
64 71
40 45
94 12
66 5
72 58
72 62
84 19
100 93
90 11
50 19
77 85
73 6
3 61
38 69
89 31
100 50
27 73
69 25
71 28
55 16
71 40
59 4
82 26
53 79
24 48
65 70
54 96
82 96
47 52
24 99
30 10
51 11
59 71
98 48
62 83
74 63
6 4
22 41
41 38
64 55
32 44
96 8
77 39
100 86
98 32
41 44
71 17
22 82
54 69
33 98
90 21
100 62
37 8
48 59
78 85
81 98
6 45
11 7
27 51
78 73
46 37
7 72
47 46
10 84
22 84
27 46
51 14
18 8
45 55
43 96
77 55
81 60
94 9
15 97
38 78
19 83
79 23
20 41
13 43
27 10
66 45
57 21
30 86
25 24
8 75
51 67
81 19
94 100
21 38
79 38
84 100
64 66
33 83
65 28
4 73
99 57
4 49
17 49
30 25
86 41
89 76
91 51
94 43
43 20
95 31
100 65
38 93
59 30
64 87
34 38
74 57
31 30
41 78
50 1
92 77
60 43
95 51
12 72
35 55
71 73
27 5
34 52
69 50
50 12
53 86
50 83
45 91
74 66
62 75
93 76
59 76
75 32
89 97
22 99
28 25
39 59
9 3
3 76
25 47
66 33
43 45
92 71
11 33
97 13
3 25
98 78
50 44
91 75
65 97
94 82
40 13
3 90
44 89
45 53
64 77
54 95
23 67
31 11
91 71
100 85
16 89
53 31
92 100
19 64
40 9
92 21
23 94
55 99
99 87
13 86
23 99
41 67
69 55
90 45
23 46
32 31
53 70
76 70
66 89
21 60
1 31
14 30
34 16
19 1
65 6
35 43
31 16
47 80
69 81
12 19
78 31
77 12
77 83
98 86
92 69
55 34
31 18
55 94
29 32
92 12
99 28
44 69
92 13
67 9
68 30
4 60
19 9
30 20
82 59
46 25
23 3
26 68
34 2
83 92
89 37
100 71
61 44
87 58
47 36
59 15
70 63
16 72
80 57
3 69
8 84
16 22
68 94
6 75
90 69
37 89
46 13
60 75
28 83
86 9
98 80
43 29
51 69
69 78
40 25
36 43
71 95
23 28
24 34
48 32
83 33
2 21
15 63
89 82
89 74
4 53
74 33
39 51
11 34
44 76
14 9
42 24
61 30
34 44
37 57
30 97
96 92
97 23
90 95
93 16
43 82
73 10
91 47
13 40
37 90
51 63
72 87
7 100
42 87
72 98
21 51
90 48
85 34
49 77
32 13
42 60
87 63
2 100
95 53
88 22
90 89
80 92
4 90
23 72
56 66
64 41
68 75
54 44
30 89
94 17
69 84
12 56
43 13
18 51
19 33
93 29
28 88
52 76
55 17
20 39
51 9
57 58
73 70
7 25
74 44
85 53
9 62
35 31
28 5
84 64
3 40
28 21
95 35
27 90
6 2
82 43
24 97
24 8
45 99
56 22
59 18
85 82
31 29
2 89
36 68
40 90
88 56
88 52
58 72
2 12
50 49
81 53
19 11
90 27
60 99
45 98
49 23
29 94
67 28
46 22
76 18
96 69
49 97
59 2
57 69
29 42
53 81
72 53
74 78
99 59
100 40
75 77
21 85
76 71
84 83
17 22
77 44
76 21
15 62
10 55
35 94
75 10
38 47
19 16
91 100
57 40
73 83
18 17
82 72
41 6
43 49
17 29
70 38
20 100
3 18
98 63
57 64
81 46
24 31
6 83
95 52
39 7
45 8
47 24
61 75
95 36
72 100
67 13
94 18
91 80
93 83
16 39
19 63
24 20
84 38
87 51
92 9
73 62
78 96
72 24
9 39
36 80
65 71
15 5
72 65
29 8
66 26
78 64
5 90
28 81
32 89
87 15
60 57
94 21
84 16
49 87
63 80
98 36
18 19
33 9
9 92
75 63
75 37
47 83
98 20
88 2
18 37
45 48
9 20
50 3
30 38
37 88
78 3
87 96
1 70
34 1
51 23
76 43
86 99
71 7
83 28
51 34
43 15
60 90
37 64
83 23
84 54
38 80
77 29
90 57
99 92
8 48
39 43
46 56
60 28
8 50
15 23
58 49
11 100
26 61
64 20
75 64
53 62
8 6
98 92
35 10
29 40
10 79
36 67
63 52
28 40
30 1
67 94
33 87
24 83
50 38
99 29
40 19
54 82
92 54
88 61
17 19
34 5
56 95
63 68
40 69
65 44
9 88
46 58
77 43
100 28
73 18
16 52
86 83
11 40
70 58
6 79
31 83
64 12
66 19
74 64
62 42
33 10
53 37
12 18
33 30
61 93
26 77
41 26
4 8
53 46
44 8
64 83
59 73
89 80
81 33
15 33
91 55
79 94
67 27
49 3
11 86
59 7
73 15
32 60
71 20
32 22
45 40
49 20
14 45
18 22
35 65
46 68
95 42
48 1
39 100
58 14
63 18
52 31
76 60
19 7
37 41
59 61
31 8
14 38
93 39
10 74
13 42
46 92
66 61
79 46
2 86
83 75
50 41
60 23
22 94
72 16
70 5
17 56
21 64
67 57
68 72
76 29
76 52
64 76
97 21
43 3
27 14
37 92
52 66
17 7
45 100
51 70
79 12
88 76
63 99
27 75
66 48
57 65
66 81
75 92
86 79
18 4
34 48
64 11
41 60
49 89
67 5
65 29
30 54
37 7
5 92
74 31
82 8
15 31
40 1
56 28
60 19
48 40
69 53
2 1
31 86
53 98
98 73
57 29
12 97
46 88
56 93
96 5
4 18
85 94
16 37
81 55
62 93
48 3
65 43
78 30
80 49
17 25
43 65
2 81
4 48
55 86
57 90
33 25
78 90
2 87
22 33
86 29
47 14
94 34
17 75
28 84
24 77
13 59
92 17
94 75
94 89
80 12
81 11
14 97
67 75
45 20
36 24
83 57
94 47
81 29
45 13
67 6
93 65
30 27
70 76
76 99
82 86
65 47
45 88
7 81
98 60
7 51
88 50
40 5
2 40
84 22
78 12
83 63
12 69
50 20
7 20
20 11
27 8
69 41
53 41
52 14
90 54
13 45
75 78
52 35
41 37
9 82
49 45
78 8
21 98
58 40
22 21
70 27
28 93
12 79
39 99
68 52
83 56
88 18
76 41
27 4
95 77
42 30
21 77
76 53
32 10
69 16
64 58
73 38
16 67
44 10
15 88
44 13
3 10
41 81
33 36
80 68
87 24
83 13
91 86
66 1
49 5
68 66
24 43
29 98
26 30
42 75
12 45
24 66
66 92
25 2
61 14
94 85
78 69
25 16
95 21
45 5
51 57
23 40
73 96
5 19
14 18
14 33
69 24
89 19
79 36
44 97
72 9
93 92
5 76
59 23
99 53
44 24
7 14
20 89
33 31
67 82
81 38
13 44
2 67
48 33
97 87
5 44
68 10
80 76
33 93
88 89
39 66
60 82
85 78
57 35
67 83
8 58
72 51
75 87
64 1
70 82
98 8
10 93
79 76
11 3
12 53
10 36
80 38
30 62
40 72
71 92
18 55
95 13
42 66
98 97
17 72
23 6
46 82
42 55
16 61
59 98
3 44
92 56
55 60
35 96
16 32
15 37
33 27
64 3
12 30
62 38
8 3
14 99
19 3
88 13
87 13
53 8
41 47
86 24
70 53
27 50
18 15
36 90
56 49
91 23
20 64
59 17
19 24
57 72
75 19
71 18
22 93
38 29
61 57
63 27
32 94
82 85
50 35
12 47
45 39
6 57
8 51
79 72
91 83
97 40
54 13
88 82
43 91
62 43
93 89
36 91
85 27
19 87
23 21
52 68
2 71
26 21
85 5
56 55
33 22
20 17
24 38
38 95
24 46
85 67
83 52
4 62
52 44
16 100
43 11
73 78
31 4
86 97
33 67
50 7
60 71
59 41
53 82
22 2
57 98
89 63
33 23
67 43
57 83
73 97
96 33
55 7
7 21
59 51
9 58
2 52
44 82
18 2
92 10
21 84
6 44
20 24
98 54
46 43
37 5
57 46
21 66
16 27
52 12
59 62
42 21
32 3
62 71
91 92
6 42
19 42
11 14
30 66
76 56
20 66
62 56
94 57
45 89
78 32
90 24
83 43
16 68
66 13
68 34
41 95
63 1
73 66
51 31
56 35
57 82
60 22
70 57
12 74
27 26
85 2
49 10
95 22
40 88
24 51
29 49
47 2
60 95
19 85
30 43
68 13
40 35
87 23
18 83
57 31
71 72
98 31
99 67
86 19
24 59
9 68
13 12
50 86
21 32
44 21
23 77
78 29
5 81
62 92
24 96
46 3
54 62
38 77
62 47
31 39
35 90
99 45
84 33
40 36
92 93
10 85
49 15
98 82
12 73
39 4
5 95
23 60
12 70
96 75
57 55
89 58
65 89
42 100
40 44
68 92
95 10
50 46
61 99
97 12
96 78
85 87
51 32
5 94
80 9
74 81
3 91
1 18
26 70
42 23
60 6
32 64
84 97
80 98
96 52
57 6
91 64
37 3
71 38
13 95
70 1
71 65
83 93
90 74
56 77
76 2
40 43
25 35
47 41
48 16
88 14
97 41
21 50
62 69
20 33
31 71
85 64
17 18
83 40
43 47
97 68
9 26
88 96
3 95
100 49
86 67
59 21
47 40
39 68
21 44
88 36
3 9
79 69
16 91
84 70
70 75
39 10
73 17
4 47
31 55
26 74
71 3
75 16
17 14
87 10
4 13
9 90
1 37
17 94
21 4
53 91
71 21
67 91
97 71
51 44
22 17
88 51
71 61
18 98
30 2
73 69
30 74
39 96
11 31
88 3
4 15
50 60
13 98
85 69
23 2
81 12
81 93
25 32
22 78
47 20
47 55
10 34
40 52
58 54
84 49
70 49
78 15
53 95
42 92
67 3
12 2
51 8
63 84
76 12
36 11
91 14
10 30
56 51
85 80
54 60
79 14
2 39
47 45
41 56
71 4
26 8
85 45
39 55
40 22
2 8
83 84
7 79
43 31
7 13
28 63
73 90
62 80
5 69
16 79
5 21
76 61
45 62
73 50
26 78
4 72
16 33
61 29
77 63
3 83
72 30
78 20
7 84
82 53
37 39
51 53
3 43
82 20
85 97
23 9
28 69
15 25
64 16
24 22
58 34
78 77
1 12
89 71
86 57
6 96
27 63
82 39
29 57
62 51
2 50
89 4
39 25
75 27
37 72
5 62
68 38
76 27
17 21
49 11
64 24
25 92
15 11
16 30
78 10
78 100
82 54
75 44
56 40
42 83
82 11
9 76
57 91
23 5
41 27
21 53
85 15
27 43
17 34
28 37
64 60
30 57
35 74
41 17
96 99
90 10
46 83
11 71
52 36
66 68
11 92
90 37
66 57
32 7
68 6
26 7
55 97
15 70
54 65
43 75
59 77
43 89
12 96
34 22
23 38
29 61
25 62
99 93
95 60
12 25
8 38
17 100
7 70
27 69
26 75
89 100
21 73
10 22
38 2
28 33
98 85
20 22
78 41
98 45
54 36
65 26
94 88
48 30
55 82
87 73
9 33
10 68
55 45
99 15
39 92
19 90
29 70
47 1
50 58
57 12
7 86
54 28
75 71
53 49
94 14
1 40
50 24
33 100
2 19
75 96
86 14
49 70
89 95
44 2
93 1
72 6
47 34
62 6
67 69
16 49
68 2
64 7
90 81
17 81
34 95
92 3
34 100
57 63
86 48
71 100
22 54
83 3
84 99
26 16
47 76
65 53
17 36
15 27
20 60
79 41
59 64
64 54
58 42
10 72
93 8
1 91
27 21
91 65
19 10
36 96
59 66
57 99
91 11
29 13
95 38
91 59
58 69
22 26
75 60
41 62
12 59
26 73
55 96
61 43
14 52
60 26
99 95
24 69
29 45
37 11
59 84
58 44
31 87
30 46
45 14
18 70
30 19
74 20
95 40
27 40
78 52
87 25
14 88
59 34
84 86
92 88
19 46
37 59
31 92
32 21
19 13
22 69
19 6
47 12
82 61
9 98
21 75
47 59
4 83
58 48
66 35
12 54
49 83
71 12
49 6
95 28
74 88
82 58
20 45
88 81
47 54
93 74
94 67
85 31
98 27
51 52
41 5
66 84
22 4
25 51
86 4
50 11
81 56
67 99
91 76
95 71
72 15
26 4
76 73
99 71
83 100
91 16
100 99
17 65
21 70
35 71
3 35
28 7
53 56
36 14
83 59
85 16
43 98
61 98
55 68
63 72
20 43
44 1
40 37
60 31
77 51
61 52
88 9
61 62
70 62
21 76
8 25
44 96
85 6
38 92
74 100
48 42
9 12
1 81
44 57
99 66
9 22
39 37
46 21
70 11
58 73
6 14
1 83
94 59
60 10
21 97
77 88
98 1
64 22
9 15
15 89
52 39
12 24
13 71
31 74
27 24
60 46
78 66
29 54
37 26
41 46
64 62
37 99
15 41
17 85
18 96
59 14
22 29
55 66
15 92
20 65
30 55
25 41
7 1
55 19
71 23
81 42
80 24
48 96
81 87
51 50
99 83
52 98
90 2
26 38
61 90
77 97
10 3
32 66
62 78
3 84
81 99
5 10
35 53
61 13
79 35
17 46
53 27
85 50
24 73
57 27
87 36
6 77
96 87
20 87
70 66
20 21
28 72
60 63
10 53
47 13
41 18
52 72
28 86
40 15
35 4
86 55
23 16
60 49
93 5
14 29
70 85
75 14
77 6
14 98
46 42
91 6
13 82
74 15
30 29
95 29
66 59
24 11
94 3
17 42
69 95
4 35
86 16
85 17
2 63
56 98
2 64
91 46
31 35
65 4
18 20
65 5
41 30
62 98
44 25
32 11
77 38
80 3
86 87
98 55
69 85
10 87
26 25
43 42
72 82
95 27
58 66
100 70
92 86
68 73
90 9
45 68
76 98
44 45
1 52
31 82
42 17
1 57
66 91
95 73
15 98
35 62
46 54
50 34
53 72
64 18
1 71
13 81
34 47
74 6
31 36
65 52
70 91
91 4
17 88
11 16
1 65
30 99
14 1
55 52
62 14
73 39
83 50
15 20
38 65
45 57
28 77
75 18
28 30
45 32
92 11
26 53
59 33
6 54
1 56
56 3
98 52
54 40
98 75
77 22
42 70
48 88
25 49
49 2
23 59
30 44
6 10
74 89
75 7
47 3
95 92
69 65
52 75
30 22
39 34
69 94
7 62
74 24
62 100
37 53
54 47
82 10
83 68
52 90
65 50
7 71
91 38
71 42
18 75
94 13
59 92
74 93
83 73
31 15
46 31
19 36
20 70
66 22
87 65
4 86
15 1
49 82
45 51
65 67
96 32
48 100
85 35
16 99
74 58
75 59
15 26
13 4
24 52
52 69
87 66
100 3
14 80
30 45
15 50
70 35
36 62
82 93
47 57
93 99
60 17
59 22
34 73
90 50
51 4
22 52
27 45
45 50
82 12
25 7
5 77
78 51
18 12
80 65
13 17
18 77
2 72
20 99
90 79
61 12
11 54
58 63
87 92
2 9
13 85
77 2
98 90
47 9
7 11
7 61
91 54
95 25
38 40
64 75
1 69
63 24
81 84
84 29
74 36
46 72
20 23
25 58
97 15
25 33
100 41
30 79
62 53
30 58
6 5
64 82
86 81
2 24
66 53
21 22
74 67
11 12
55 46
2 6
52 71
12 17
43 37
85 3
22 39
97 56
39 8
63 50
12 5
34 76
99 30
67 85
27 66
78 37
45 58
78 55
64 49
73 2
1 45
10 77
31 6
26 37
54 8
22 31
39 71
44 55
7 88
90 96
13 68
38 30
80 70
42 69
84 48
2 25
77 3
29 99
46 19
10 73
42 56
57 53
83 21
93 95
33 60
49 79
66 36
61 18
3 45
63 46
36 81
47 78
67 8
91 10
66 15
62 96
19 62
38 98
44 94
76 93
21 35
24 82
8 96
38 90
53 52
57 77
52 18
52 41
20 56
81 97
99 16
78 5
3 58
54 18
49 66
88 72
94 27
98 79
49 36
3 47
26 6
40 48
44 72
83 58
58 71
82 27
68 7
21 86
31 12
87 31
14 83
27 99
80 43
80 59
85 14
96 11
45 73
15 40
63 20
81 73
79 77
88 46
89 42
26 65
43 86
65 32
87 26
6 13
8 95
15 87
100 47
26 55
67 65
39 73
40 21
68 44
68 67
81 5
36 12
20 47
76 78
100 57
27 74
19 89
1 22
96 55
25 38
28 23
92 64
48 89
66 76
96 6
9 29
59 3
90 92
4 24
7 60
3 87
20 79
68 40
73 61
63 34
32 50
68 60
28 24
61 39
53 10
12 32
33 61
91 26
38 74
25 96
12 65
19 61
55 89
79 16
91 50
29 93
58 43
65 33
93 54
57 51
90 52
6 62
12 98
51 27
33 86
39 5
84 4
67 96
62 1
70 77
74 30
96 50
12 78
35 77
66 38
95 80
85 19
95 67
96 36
30 24
5 11
14 25
28 97
7 59
15 60
86 42
99 46
79 53
24 25
96 79
37 46
57 23
76 92
53 26
89 47
21 46
27 36
37 29
9 53
64 69
45 24
17 84
51 40
21 13
20 82
89 38
24 15
42 50
47 73
99 63
74 2
78 21
27 52
51 1
46 17
71 32
97 85
41 80
79 52
24 21
44 5
50 97
89 54
36 79
24 29
50 69
63 95
13 56
85 41
8 32
46 59
59 37
61 26
97 79
76 81
50 81
33 14
33 24
29 89
84 58
73 55
12 100
18 100
27 53
48 5
13 55
7 46
73 7
75 46
17 2
42 5
30 81
43 12
47 97
89 6
55 69
68 19
51 73
8 28
13 18
66 47
34 89
16 51
23 84
25 11
54 81
49 65
80 66
34 60
99 14
10 20
66 97
24 81
31 17
35 67
76 38
31 99
48 83
6 38
65 76
54 85
75 93
42 15
42 25
63 59
67 90
85 54
62 89
99 10
60 74
13 2
28 74
7 91
29 27
22 49
88 74
22 25
27 78
7 16
95 11
2 3
73 40
74 49
32 12
54 24
63 90
73 46
29 24
96 23
61 91
1 78
54 55
57 89
70 42
81 32
85 63
97 94
30 77
72 44
8 94
21 41
69 61
35 47
41 58
88 8
85 43
10 5
70 2
41 85
28 35
66 62
98 44
26 14
50 79
54 6
68 4
45 28
18 84
68 69
22 61
47 85
81 20
48 15
92 85
30 91
93 71
15 32
41 23
77 75
20 25
29 37
10 92
63 48
66 3
91 36
86 54
13 27
44 41
61 59
76 66
80 45
29 74
51 35
33 56
13 76
38 97
54 71
63 69
37 49
65 8
18 62
100 98
54 30
89 30
7 89
71 5
96 82
89 43
95 20
45 65
62 11
41 1
40 51
66 29
17 10
22 59
27 71
96 85
63 74
81 69
7 97
41 21
9 80
43 52
49 26
1 24
32 30
65 83
28 34
8 33
12 64
65 31
19 57
72 68
45 9
76 65
12 11
85 25
38 24
83 25
24 54
25 86
79 58
47 22
36 84
3 24
30 75
83 53
96 9
98 67
35 48
46 77
61 73
97 14
31 76
80 79
44 39
46 26
67 72
65 87
83 62
100 58
9 45
44 15
19 55
60 27
77 41
8 20
20 98
25 50
27 9
5 38
12 13
35 40
38 9
84 90
100 36
92 7
9 65
4 94
45 86
99 18
70 55
42 76
87 45
89 26
70 81
20 40
74 11
78 71
67 66
24 50
68 20
68 25
38 88
26 5
44 78
7 92
41 92
94 96
77 34
41 25
31 66
75 99
97 83
89 81
51 86
15 38
26 60
33 55
69 73
40 99
72 66
73 53
22 27
21 47
27 20
1 97
10 78
33 1
78 91
89 25
44 29
62 68
98 28
56 67
42 8
77 99
84 5
38 52
60 77
60 61
38 12
69 20
11 83
43 48
19 2
37 33
8 70
64 43
33 92
96 98
37 12
63 12
96 58
5 30
67 59
64 44
96 61
61 63
5 61
33 72
19 84
3 97
4 85
56 47
62 41
21 34
10 54
95 93
41 64
95 30
93 68
44 37
86 89
16 31
97 22
39 9
65 62
6 66
86 44
46 52
85 36
59 43
48 9
30 36
90 1
59 52
61 66
3 93
12 85
55 51
77 100
94 25
67 21
3 51
6 81
7 41
46 20
48 34
59 32
72 46
95 100
28 96
5 3
48 78
77 53
78 47
89 62
79 27
19 59
94 83
49 62
50 98
47 70
11 74
1 15
91 95
35 46
40 71
48 73
37 69
52 2
36 53
84 2
2 15
33 29
43 30
97 100
49 81
78 82
93 22
17 35
68 82
15 53
35 20
52 82
14 19
82 95
81 88
31 89
56 100
32 98
19 35
27 15
86 35
31 51
5 58
93 78
18 71
24 79
37 9
65 95
9 48
35 75
39 81
41 73
9 71
80 37
47 19
9 73
22 89
72 75
74 17
77 8
31 40
37 47
54 9
40 70
26 88
96 46
82 35
34 25
82 94
14 40
10 69
63 2
86 66
71 15
80 96
21 10
34 12
35 26
55 13
98 95
86 94
30 13
27 54
3 64
54 79
56 84
65 85
9 31
65 9
56 33
18 7
56 91
63 42
36 23
5 34
47 98
55 31
63 56
98 88
12 68
25 66
32 97
96 22
32 26
34 96
77 45
29 33
61 35
46 7
85 72
22 5
54 53
46 55
49 72
97 44
76 96
88 80
44 32
42 12
71 55
54 97
84 75
18 21
7 54
31 24
11 9
43 5
6 43
15 3
33 79
70 41
84 81
43 50
62 61
11 55
1 99
36 39
16 77
23 62
79 61
14 6
34 19
80 36
58 100
71 94
46 12
60 5
62 25
77 4
95 64
13 25
18 3
15 76
77 1
17 26
96 64
69 31
97 49
41 12
53 43
23 70
33 77
73 36
54 26
58 10
26 85
74 90
64 2
38 84
65 60
96 59
39 45
34 83
25 39
8 1
90 36
31 7
29 71
7 68
65 39
83 91
13 9
28 29
49 21
25 10
52 85
100 68
40 42
80 100
4 95
22 68
52 62
45 18
75 83
32 68
92 35
10 39
37 87
34 30
36 63
11 77
18 69
96 89
62 73
40 24
26 10
78 63
14 32
7 52
5 17
71 85
20 77
38 23
34 68
74 39
42 98
72 60
70 37
26 54
1 79
85 12
65 55
31 63
77 80
80 73
70 22
23 83
33 40
5 1
40 58
65 38
28 67
43 33
5 2
36 77
27 80
89 85
98 42
8 43
96 77
4 82
27 100
94 50
18 85
43 77
37 94
66 75
74 80
91 81
42 91
93 37
85 83
3 100
71 74
46 66
14 79
4 55
22 10
68 99
77 49
5 85
14 92
61 19
27 89
88 58
21 43
11 58
13 67
92 99
8 93
40 46
2 78
42 4
71 81
32 99
72 13
24 26
43 69
62 64
66 74
32 62
34 50
58 35
21 19
69 56
62 50
61 8
81 66
59 93
25 53
31 69
33 41
90 14
83 86
44 22
9 64
46 74
8 61
33 37
81 51
40 23
57 61
100 35
59 9
47 95
16 53
71 37
99 90
53 55
63 97
42 59
89 49
51 74
17 24
44 31
94 65
26 47
80 90
97 1
45 29
72 74
11 20
28 22
65 99
12 48
27 86
47 21
66 31
43 59
43 62
33 90
14 12
13 51
48 62
68 59
74 61
67 39
79 88
27 13
75 68
32 61
85 13
34 71
90 70
21 42
39 32
70 89
39 52
12 8
83 26
9 8
45 44
51 12
45 4
81 52
14 57
80 74
21 91
49 19
7 80
32 96
66 30
1 42
7 15
15 77
59 88
46 89
71 25
66 34
14 16
58 90
4 78
70 12
73 95
96 93
29 69
75 50
23 1
1 75
23 27
44 95
45 49
62 7
73 41
98 46
95 86
19 37
5 93
15 35
42 18
56 52
53 13
90 99
43 44
69 26
67 46
15 55
56 45
76 7
48 11
13 19
26 17
59 72
82 28
93 73
78 26
12 93
47 68
57 33
48 80
67 16
30 47
6 70
31 26
55 29
75 55
89 90
15 34
72 41
80 42
77 54
45 84
87 64
54 93
89 98
35 72
58 96
23 14
68 33
11 78
39 90
75 42
29 11
44 83
34 62
99 88
68 96
84 30
33 50
94 95
25 57
87 7
52 29
68 46
11 41
22 7
35 78
73 5
95 62
45 30
53 34
75 11
44 26
23 37
33 28
60 65
69 79
56 13
38 44
80 40
83 94
17 87
71 60
4 50
50 23
69 49
2 93
93 58
15 94
24 63
84 71
52 46
62 2
27 28
35 88
78 58
42 1
3 11
47 53
88 26
27 97
50 21
53 16
53 73
87 12
13 53
25 45
83 77
73 67
89 29
72 57
90 39
17 8
29 5
71 77
12 91
19 72
71 98
32 91
83 47
22 86
28 94
50 26
87 48
35 86
89 14
36 5
86 65
25 8
26 96
56 30
15 49
23 44
35 60
72 28
98 38
36 42
42 72
59 91
34 72
94 93
2 80
29 2
79 81
99 69
3 13
67 38
29 59
38 82
64 39
56 34
70 34
56 71
51 19
64 50
69 54
61 58
49 68
57 7
13 6
42 95
23 53
24 71
54 74
36 78
100 33
54 12
61 87
37 28
60 79
52 7
5 39
41 51
69 44
23 91
59 49
48 2
79 5
18 74
49 78
23 93
64 79
45 78
65 46
9 86
47 26
52 59
97 36
27 72
59 26
96 7
50 88
51 85
65 73
15 69
67 24
67 53
11 28
19 71
88 63
48 6
70 26
84 80
2 34
6 41
11 94
55 37
87 33
37 96
82 89
83 89
54 64
7 34
45 67
40 34
45 27
25 68
25 75
51 78
60 81
52 100
73 34
25 15
97 98
24 7
34 64
47 91
82 5
40 85
41 74
98 15
86 12
52 43
34 8
10 98
42 29
81 37
88 38
1 32
94 39
40 10
17 1
10 89
67 68
12 7
24 37
14 62
24 39
48 86
72 45
91 31
32 37
3 17
97 4
26 3
75 81
85 65
46 94
100 96
37 66
2 74
61 17
70 40
4 2
12 76
86 85
14 93
71 2
79 98
96 74
8 52
57 22
36 60
38 56
49 52
69 28
1980
9 12
16 7
81 78
91 59
19 73
12 39
75 69
77 46
71 72
86 86
97 9
50 66
25 16
42 34
93 41
7 33
68 40
44 81
39 26
35 55
85 18
79 89
65 21
53 89
28 83
79 75
19 48
35 10
71 22
4 48
63 79
87 63
98 3
84 66
58 46
79 67
25 17
80 87
32 90
78 90
20 34
10 19
71 44
18 77
56 45
18 84
54 89
46 61
12 49
92 33
36 85
10 74
76 95
19 68
92 59
5 93
83 52
29 16
11 72
73 21
85 93
87 29
50 54
31 78
3 69
90 36
74 55
41 83
39 87
40 27
88 97
58 91
49 97
47 73
49 83
85 61
54 64
69 5
32 51
22 21
36 8
97 36
63 27
1 68
98 86
48 53
11 30
97 36
37 82
76 38
14 23
67 95
2 70
93 77
63 9
11 18
52 93
20 55
14 17
65 93
2 93
83 68
66 27
70 80
3 57
84 1
62 6
48 78
41 91
41 4
79 41
39 43
76 18
81 71
12 68
63 51
76 86
97 92
15 3
41 24
61 82
31 95
2 17
14 38
75 16
27 75
83 44
58 40
74 31
2 37
6 5
54 83
87 44
83 89
49 34
10 5
65 80
26 79
76 69
33 35
38 77
13 60
45 66
40 82
8 65
50 47
31 11
44 15
57 58
92 52
48 97
41 93
78 59
71 96
48 3
14 76
94 20
50 90
22 33
23 37
20 90
21 26
57 57
90 65
2 42
28 75
73 19
50 25
92 33
19 32
43 97
62 71
62 47
47 16
68 42
84 86
25 2
64 68
80 66
58 81
38 52
11 63
29 48
5 45
32 87
16 45
2 68
67 46
15 81
53 6
65 40
80 22
45 34
97 99
35 33
38 46
18 29
17 10
74 33
85 75
20 64
60 95
92 80
79 90
77 28
89 35
46 36
80 18
37 1
26 78
50 48
33 4
19 88
99 39
3 26
69 21
8 98
50 42
20 91
28 65
37 44
78 92
42 9
83 70
54 63
37 33
21 24
5 60
70 98
85 5
70 3
71 67
98 37
34 42
96 66
19 52
10 8
23 99
29 67
46 16
33 40
45 32
28 95
83 8
29 72
35 44
80 92
93 36
6 52
75 23
29 15
85 45
39 88
95 35
70 81
59 16
78 24
81 96
81 20
42 27
97 38
97 99
26 34
51 37
7 6
98 48
51 69
17 4
80 37
59 68
88 73
55 16
91 53
38 35
96 65
44 96
88 64
27 98
92 29
96 54
59 31
45 58
65 15
22 42
52 61
18 10
26 83
67 82
6 83
61 24
12 2
20 89
28 26
80 92
21 39
22 57
83 51
34 12
45 49
96 65
29 11
88 66
19 95
4 8
43 18
92 21
14 64
56 89
18 25
89 52
16 82
53 21
18 6
20 96
43 88
6 70
82 70
90 9
80 41
91 88
82 41
66 12
29 20
13 73
22 82
9 31
18 38
40 85
37 51
39 33
50 22
81 66
56 55
81 46
88 48
34 69
68 99
61 92
15 27
6 27
16 67
44 86
39 98
24 35
53 28
85 59
75 96
31 69
1 12
97 18
78 74
9 78
24 1
79 83
6 82
75 23
65 77
46 54
43 95
93 78
78 25
61 14
69 45
60 29
30 15
36 82
53 4
18 15
75 47
18 90
76 57
91 21
66 93
87 90
84 79
47 87
48 98
34 83
57 64
17 8
60 71
47 37
79 5
69 21
20 92
48 89
53 31
42 60
10 65
21 73
27 1
11 29
34 5
2 51
41 26
22 7
41 44
72 24
13 59
84 24
92 32
71 40
32 9
71 43
9 66
99 63
77 97
83 35
7 69
57 21
87 31
56 45
85 48
88 66
22 51
65 47
58 28
21 62
60 40
90 20
60 92
80 18
16 24
29 86
81 73
48 35
92 6
13 68
96 81
92 2
12 33
88 99
35 45
12 17
30 20
43 77
50 30
4 81
57 63
98 30
26 92
39 74
42 37
4 39
88 43
94 25
69 45
29 39
14 36
35 38
95 81
40 15
18 50
53 19
91 94
4 3
47 34
74 36
35 62
58 33
89 57
63 64
1 17
43 93
19 41
18 97
53 90
65 23
38 92
76 17
56 39
6 96
31 34
52 6
4 78
33 16
56 5
70 27
86 17
73 78
78 19
29 1
23 25
21 63
73 67
5 49
88 46
77 37
64 51
80 12
13 8
44 52
83 55
79 95
39 83
97 67
15 22
15 26
77 33
62 36
63 43
16 93
14 97
56 70
29 27
44 66
34 98
13 65
80 6
44 9
69 14
12 36
51 73
31 89
3 7
75 58
43 63
15 15
20 7
92 9
54 28
78 83
9 80
23 50
84 24
51 59
58 29
63 4
54 94
73 55
81 32
36 27
37 30
43 4
48 54
73 62
46 75
34 1
94 37
79 20
26 89
75 6
33 88
97 9
69 55
95 65
25 33
17 90
65 42
14 87
83 34
54 10
85 38
45 57
88 40
99 11
29 45
62 92
58 86
83 87
1 50
66 27
17 2
64 11
9 81
71 75
69 14
51 97
94 14
99 92
33 23
4 44
67 46
41 78
29 14
28 15
91 8
73 12
5 36
40 26
32 54
75 97
98 13
48 48
67 95
12 89
9 76
34 6
47 31
60 71
72 72
72 12
47 22
81 4
14 53
21 8
19 86
14 75
54 96
78 96
86 7
86 47
99 23
61 11
63 61
50 87
47 74
97 38
42 20
45 87
6 92
74 23
89 78
40 72
4 87
97 54
91 10
97 5
56 86
29 84
63 5
12 98
69 91
81 46
84 61
64 50
47 34
73 84
28 11
44 85
63 96
45 92
21 13
66 57
23 42
7 11
89 91
25 18
29 84
97 14
76 51
97 45
39 71
2 9
79 90
18 22
99 58
90 43
38 38
17 71
58 88
41 12
41 96
95 61
13 87
32 50
3 95
28 65
51 14
2 57
74 78
6 10
9 3
70 28
97 81
70 73
39 62
35 96
8 9
16 58
56 66
70 71
37 91
64 77
2 51
99 98
16 46
8 82
39 20
25 9
17 37
8 20
32 1
46 43
5 16
55 32
65 45
90 51
61 15
13 66
74 17
85 39
91 95
78 30
76 61
96 64
87 14
52 65
63 40
74 20
8 87
81 27
83 82
15 34
23 84
90 33
54 66
62 73
44 37
92 93
81 46
41 83
69 29
34 8
71 57
80 74
75 60
98 17
42 45
92 46
89 13
86 20
3 6
48 31
78 16
88 37
89 87
23 79
57 67
91 15
20 58
21 61
72 36
15 45
21 11
25 48
34 4
77 70
66 38
55 3
19 93
79 56
71 38
81 38
7 44
23 48
16 88
84 16
82 72
41 59
26 66
24 83
48 82
97 25
14 7
22 81
8 81
62 79
36 40
6 78
41 17
83 54
8 17
48 72
16 87
7 64
60 64
10 82
48 53
49 60
4 9
17 8
51 31
73 1
99 7
93 41
16 98
57 68
43 30
44 34
16 60
8 87
16 39
46 64
39 66
80 47
95 15
95 77
2 78
48 84
24 19
87 90
66 44
39 66
38 82
44 6
55 38
77 41
59 88
24 71
59 50
92 53
67 69
25 97
95 44
28 35
83 20
8 58
6 15
18 38
10 98
49 36
27 52
82 18
36 42
67 19
71 36
16 89
2 3
84 90
35 78
68 17
16 53
84 87
18 14
59 22
99 85
7 47
40 30
50 67
74 65
90 93
61 37
32 75
72 6
2 34
95 69
15 38
15 89
48 13
95 16
81 37
67 19
22 94
87 14
9 9
94 62
82 24
60 43
32 44
77 22
79 77
12 2
40 94
88 94
42 62
67 65
51 88
88 56
95 67
34 88
70 41
38 9
41 33
84 52
59 92
98 15
68 57
70 68
80 83
60 5
92 79
76 51
58 74
7 88
78 53
83 6
29 57
85 92
36 61
92 17
59 55
4 31
14 28
77 41
25 57
51 3
2 63
42 74
99 62
86 39
23 33
42 17
84 92
95 82
18 56
76 42
19 21
66 58
59 58
55 87
10 49
94 35
89 47
89 73
80 56
48 1
60 43
80 3
93 48
48 88
56 43
41 93
32 70
26 73
9 63
84 48
51 64
21 36
58 73
44 54
76 64
73 21
94 67
87 20
56 64
86 79
27 61
38 41
28 71
82 78
71 97
95 59
81 30
2 62
21 21
96 72
50 11
7 17
96 82
18 41
8 63
75 64
29 76
7 28
49 97
11 25
47 82
4 44
60 82
36 46
39 32
33 18
14 91
22 44
20 58
38 1
51 36
67 51
43 63
15 77
68 73
23 48
84 89
87 42
41 51
16 69
25 76
52 57
34 51
87 90
27 98
64 46
22 21
65 56
27 69
51 18
78 67
54 64
14 62
3 4
38 71
27 59
50 25
34 77
20 7
4 35
39 24
90 95
51 96
4 87
55 38
17 45
6 17
75 85
11 7
63 29
46 86
21 85
43 59
74 85
2 99
27 26
73 24
23 88
90 88
28 9
85 15
40 10
5 89
52 12
70 1
47 72
59 75
36 76
60 2
15 5
44 84
75 17
32 23
93 60
30 75
93 38
75 19
17 31
75 70
23 15
97 73
45 90
45 66
84 69
54 49
19 40
18 58
8 20
59 27
81 92
65 26
50 45
28 97
59 41
46 98
13 18
97 20
72 47
8 10
86 58
37 63
20 29
1 8
2 42
58 2
25 5
78 15
55 90
84 34
79 65
8 29
82 65
1 75
14 78
19 95
62 61
22 50
47 67
80 23
97 15
78 97
20 6
47 88
88 55
44 56
72 24
95 36
9 84
75 14
5 96
30 46
94 11
49 87
20 7
31 5
33 1
55 28
29 85
78 98
57 8
37 93
42 57
16 36
92 40
82 31
72 70
62 58
32 57
19 58
9 52
23 59
55 27
23 85
62 96
76 82
38 60
15 16
30 99
37 75
3 69
9 38
19 38
55 14
53 87
91 13
57 12
19 60
21 59
78 27
83 36
24 25
94 87
10 42
60 56
19 23
51 24
63 27
29 79
22 44
95 62
88 57
93 50
55 20
75 22
40 78
77 35
95 53
32 5
94 31
28 29
96 12
2 95
22 68
56 57
49 66
33 64
82 59
95 1
63 37
9 55
8 11
36 58
99 32
27 12
14 36
80 63
21 24
6 31
47 78
27 88
89 52
19 71
60 74
32 71
47 15
97 26
64 46
31 92
35 54
99 16
30 29
28 27
42 89
77 50
80 95
96 88
30 96
70 45
98 12
64 16
95 92
40 55
76 27
77 58
95 78
57 4
28 3
80 12
47 41
87 30
67 57
55 62
27 14
27 20
10 89
34 4
75 30
49 10
89 20
97 5
70 33
72 1
39 53
98 70
47 86
16 17
83 66
65 40
26 1
64 34
72 52
10 40
42 10
47 34
82 74
75 33
93 66
58 71
19 16
55 75
19 37
99 94
92 62
68 91
55 83
49 59
75 79
95 98
23 96
42 99
80 29
6 88
12 88
43 9
47 94
37 25
90 47
47 60
92 90
3 61
86 86
69 48
20 36
34 5
44 98
73 35
26 61
46 6
77 21
67 73
80 45
47 45
83 6
58 4
96 51
96 90
93 89
10 10
28 31
41 9
11 10
40 53
41 90
45 99
65 71
69 19
46 52
31 54
8 59
93 52
14 82
83 70
51 38
92 82
35 19
55 41
27 37
37 58
6 19
86 15
19 8
3 56
45 49
32 35
95 68
74 21
55 98
75 55
46 8
72 45
73 91
18 46
94 7
35 74
50 35
15 42
20 37
28 8
36 50
54 50
6 94
92 60
33 63
74 33
46 38
80 24
36 38
40 91
19 69
74 15
65 53
56 52
88 16
53 21
24 11
56 64
52 37
95 82
7 33
34 47
38 12
40 31
32 72
44 45
11 74
18 98
22 4
33 38
2 41
30 42
1 5
45 31
11 85
52 85
98 9
57 78
59 19
24 15
39 42
63 58
4 47
4 13
92 68
93 49
42 83
10 63
20 34
19 68
57 23
95 71
65 94
45 63
92 53
88 22
35 3
14 10
60 28
66 3
20 73
91 36
72 97
65 34
23 42
1 91
70 55
66 43
48 37
91 84
44 84
39 77
14 68
43 20
66 26
52 13
55 17
11 6
35 73
45 39
74 84
7 65
71 85
8 14
71 74
14 12
82 99
73 90
3 38
35 70
62 27
2 73
44 49
46 68
76 71
17 43
73 66
40 83
21 10
78 90
7 74
36 91
81 72
75 63
60 77
3 76
32 10
31 17
7 11
8 91
99 92
41 2
67 77
81 76
75 54
14 50
6 79
12 87
7 31
60 27
57 8
30 53
35 42
82 42
37 97
88 68
39 37
20 34
31 68
23 62
74 57
94 20
2 38
1 84
95 61
90 84
56 23
99 57
97 47
61 21
23 90
60 72
67 82
82 72
71 26
8 99
8 68
81 32
47 50
73 45
22 74
29 76
78 23
79 6
45 82
59 45
61 28
34 33
20 76
59 69
65 5
96 90
93 99
46 88
56 88
76 12
8 41
69 66
44 85
90 80
1 72
53 9
8 23
41 2
47 30
72 73
52 31
44 14
49 98
57 92
75 43
36 69
39 85
12 28
24 32
25 92
3 58
82 44
19 34
83 30
4 28
30 72
53 97
12 69
76 63
94 3
27 34
97 61
49 30
92 68
65 53
59 57
27 5
24 93
29 72
2 53
43 49
27 2
27 13
77 63
36 93
92 45
30 47
31 63
60 4
89 52
1 21
13 10
93 8
32 10
19 72
22 64
55 90
49 21
69 23
82 31
29 78
11 49
68 63
54 93
30 22
54 48
58 50
90 43
90 87
73 23
17 2
4 11
27 13
94 55
54 16
96 63
62 99
46 44
26 63
24 4
50 17
37 97
60 68
91 78
81 58
37 27
2 9
77 86
16 76
1 5
1 3
93 93
53 10
70 80
86 61
56 98
38 21
31 80
90 14
85 51
37 89
22 20
16 43
91 12
71 19
56 17
93 50
50 78
89 4
6 4
4 16
4 32
88 25
12 26
80 55
58 62
44 52
19 78
9 93
21 54
52 6
56 29
30 97
63 45
21 46
26 54
14 44
59 36
14 87
2 11
53 29
34 3
28 45
65 80
69 99
20 18
12 23
33 74
8 66
1 31
39 46
93 41
39 36
26 16
48 9
8 1
74 8
55 65
69 15
87 60
1 94
18 53
54 59
17 61
57 99
47 85
64 28
23 7
35 64
18 99
46 61
16 82
91 92
43 34
37 49
17 16
74 6
41 70
77 11
85 5
9 18
88 75
19 84
86 95
5 82
6 36
31 80
38 35
50 12
22 47
96 71
97 52
31 94
31 46
85 86
32 42
87 15
6 29
31 28
47 97
83 49
12 50
44 20
16 97
9 64
8 49
40 5
73 58
68 48
26 57
66 28
38 96
66 43
96 14
98 96
17 87
73 11
52 47
54 65
83 74
32 63
83 12
5 25
47 45
65 19
81 90
77 46
48 29
42 70
5 33
99 84
58 79
61 13
8 80
49 98
96 29
89 28
27 34
12 13
44 97
87 13
41 75
61 52
60 32
54 2
88 64
50 27
4 23
76 95
62 65
95 44
90 35
19 72
9 34
66 69
28 3
50 20
43 7
86 15
18 10
47 86
84 8
26 87
32 45
33 90
68 47
86 49
37 90
1 32
77 3
11 26
27 83
48 3
82 89
11 19
2 10
57 78
5 84
15 14
44 50
17 14
65 31
60 41
12 2
4 13
94 45
27 52
21 97
35 15
2 73
81 35
52 37
58 93
59 47
46 5
91 12
51 48
32 46
88 47
58 47
26 58
45 7
82 29
29 68
98 95
48 91
47 3
69 21
18 15
82 30
41 28
42 74
20 50
7 95
40 59
91 66
30 38
23 60
51 17
54 63
47 72
52 10
3 19
41 52
29 94
87 24
41 68
54 39
48 18
20 28
43 70
52 81
54 61
82 90
37 1
44 5
18 56
74 74
62 37
64 88
40 6
46 80
66 96
10 21
51 85
97 80
82 72
30 10
18 19
56 53
19 45
98 29
99 44
63 72
53 89
88 26
54 86
73 40
33 6
54 30
51 4
99 76
14 1
40 13
18 39
44 1
64 92
84 90
57 96
4 76
37 94
53 32
43 39
44 4
36 47
95 25
58 16
95 71
32 61
55 51
16 68
78 3
69 95
18 92
79 51
64 22
55 98
37 57
27 21
25 11
44 23
4 56
91 32
5 43
4 91
98 58
91 71
47 36
92 85
42 71
35 86
22 61
5 10
12 99
60 86
29 74
96 15
76 12
98 16
54 65
16 5
85 31
25 70
98 59
83 67
70 27
50 25
12 40
38 60
13 37
81 24
76 15
99 34
3 45
13 41
7 4
50 79
28 44
19 86
2 55
20 75
26 79
85 8
34 63
80 56
1 45
89 46
96 46
16 13
89 95
83 76
10 80
83 16
8 60
56 10
95 77
37 21
56 73
36 83
91 80
93 65
41 46
61 66
32 81
80 45
1 10
69 37
17 96
10 50
70 82
6 99
83 35
69 26
31 32
46 73
89 65
36 76
94 60
2 38
68 64
71 29
29 36
90 63
20 93
88 32
30 2
48 5
18 4
83 45
23 39
35 72
61 92
77 21
96 3
44 76
85 39
35 87
13 35
53 81
62 90
45 52
76 72
65 92
46 70
15 60
68 75
21 88
63 41
18 50
67 46
83 39
26 36
69 82
75 53
23 55
61 46
31 49
79 10
33 25
25 99
6 77
12 84
91 50
70 75
51 63
9 67
35 3
78 4
31 97
87 15
79 52
1 12
4 57
28 76
99 37
3 38
43 98
34 89
53 48
