100
466
19 54 26
39 36 56
5 64 13
59 46 97
18 4 87
25 3 40
79 95 54
17 10 69
78 40 82
68 20 69
58 55 83
89 5 96
78 85 53
74 9 90
38 31 50
88 58 24
85 41 24
13 93 27
94 26 53
87 46 16
67 91 93
100 64 79
84 3 17
86 99 58
84 14 87
98 86 15
65 35 96
5 62 49
64 74 93
28 73 16
23 54 56
68 91 72
92 82 51
48 67 93
53 61 20
39 15 80
23 33 43
24 28 52
27 7 40
6 24 76
57 94 58
44 34 76
90 48 22
25 84 29
31 89 68
31 7 3
26 42 55
44 27 76
61 88 76
60 25 39
73 52 33
87 65 25
80 69 15
76 25 95
15 98 6
33 32 64
94 65 66
42 60 2
80 63 62
84 48 71
2 60 75
55 29 69
64 46 51
84 39 3
88 23 18
35 28 89
7 31 45
90 1 15
96 67 48
89 77 38
89 56 49
61 65 39
3 9 86
45 64 10
68 33 33
18 13 55
71 30 92
87 42 42
79 67 74
72 61 61
52 20 15
39 9 32
98 70 21
40 65 44
16 55 17
28 59 10
33 4 17
21 23 33
73 35 42
96 76 12
70 86 77
6 43 18
63 35 80
27 89 16
51 29 52
11 20 83
37 42 70
52 24 24
4 92 54
92 45 15
7 13 99
90 70 2
44 66 45
1 15 85
28 52 81
40 36 65
38 36 25
87 87 82
12 33 95
21 48 74
80 81 47
68 15 37
74 68 48
51 6 9
43 49 92
8 10 79
8 54 68
36 43 16
37 28 17
10 18 14
15 99 76
100 93 64
99 47 90
72 17 33
32 74 53
75 34 76
81 81 14
10 62 91
34 17 50
68 44 79
52 51 67
43 74 99
40 11 10
28 85 89
13 66 21
81 58 58
9 16 42
6 42 77
37 94 20
82 14 89
48 12 99
33 39 1
65 88 59
8 89 91
22 34 97
90 35 77
13 51 65
45 7 39
51 84 80
63 4 34
84 16 86
28 34 89
68 79 11
5 2 15
2 81 36
86 1 87
58 86 5
46 62 21
35 42 29
10 44 37
48 2 21
17 24 60
37 41 4
94 75 68
25 9 28
56 64 4
74 29 5
8 78 33
48 87 92
50 54 91
10 2 38
100 69 6
80 70 47
38 21 62
72 18 15
36 42 85
79 15 2
8 65 37
65 11 89
37 11 41
48 42 1
29 99 79
27 82 74
52 90 46
40 27 22
4 43 92
80 15 42
82 36 2
42 20 80
91 30 25
65 73 4
5 57 26
57 95 6
52 62 74
96 97 11
62 96 71
97 33 40
23 47 82
24 7 70
86 86 67
1 44 69
31 17 37
33 67 56
72 40 36
94 67 32
73 53 14
42 59 53
35 73 2
35 90 11
66 77 10
99 46 33
14 98 1
59 86 6
82 52 2
9 100 28
88 81 2
53 40 5
52 54 2
54 22 29
37 55 41
60 18 34
15 97 83
54 48 11
77 36 5
21 39 61
25 79 61
32 13 23
10 35 73
83 12 35
38 56 57
40 80 42
57 14 59
59 7 62
70 69 82
61 24 76
75 31 30
27 33 8
7 35 51
29 66 2
53 52 64
22 56 86
90 75 8
29 22 16
19 89 18
12 74 81
14 4 30
60 26 86
73 40 75
68 1 67
52 38 23
90 20 29
12 8 9
21 66 50
24 100 12
55 13 81
14 33 52
19 72 74
10 60 29
63 27 51
1 25 55
93 3 37
41 63 82
93 70 76
63 19 23
20 75 8
44 32 95
52 10 56
68 57 39
19 94 62
56 79 81
37 19 83
36 98 76
55 31 96
84 22 43
52 86 74
78 25 70
54 7 64
16 9 36
22 66 89
51 47 25
11 14 36
34 51 47
24 89 27
97 29 94
11 90 62
63 68 81
60 82 65
39 58 49
75 39 11
90 63 75
17 62 96
87 2 2
96 2 83
81 53 63
89 59 3
59 57 83
84 47 76
62 87 38
26 2 72
46 75 40
17 42 44
79 24 43
3 78 94
16 54 7
26 60 44
22 85 73
78 3 26
42 50 70
21 92 94
7 89 40
40 43 72
5 12 41
62 37 21
35 23 9
42 76 90
90 84 49
79 66 61
64 25 53
98 55 59
46 53 47
38 50 99
64 13 9
57 88 44
70 92 99
56 24 36
78 14 31
75 80 46
17 53 75
62 85 21
82 38 4
99 42 45
12 31 88
11 29 82
18 66 10
53 1 96
57 2 27
7 18 6
90 70 41
72 48 75
61 39 31
14 94 17
53 64 6
57 69 97
100 40 83
88 46 45
35 100 17
35 99 10
21 24 64
32 94 45
65 80 24
58 73 35
38 53 22
49 28 86
33 3 21
11 20 69
98 77 15
16 20 1
50 24 91
30 38 33
75 49 13
38 24 69
74 72 16
71 82 40
86 44 99
24 60 52
17 82 82
100 27 13
61 91 40
28 23 85
47 80 17
33 82 62
18 93 23
83 29 37
19 67 36
68 99 13
87 72 18
74 3 57
3 97 44
16 62 92
30 47 35
90 81 24
7 65 49
86 7 22
55 64 15
44 85 31
10 32 45
57 39 5
43 86 58
57 3 26
37 18 87
98 100 43
87 58 5
55 59 89
29 13 4
26 61 40
89 47 32
13 70 51
1 37 48
91 25 27
31 81 58
93 96 54
87 28 95
100 40 27
95 91 40
67 26 14
51 64 73
83 26 62
11 64 32
15 24 54
86 57 2
90 8 99
94 44 74
45 71 92
70 48 25
57 94 82
30 44 22
17 78 43
88 17 85
47 77 97
56 48 49
13 52 36
57 42 70
46 30 12
3 82 47
58 45 21
37 53 51
29 43 51
100 63 43
15 54 54
26 99 63
80 18 94
12 36 56
95 46 72
95 82 28
6 45 32
33 57 28
97 10 15
46 93 21
43 55 57
16 31 44
74 43 80
86 58 57
45 16 24
61 30 24
45 26 51
28 100 84
21 8 39
68 42 46
99 38 72
75 42 27
38 90 45
99 71 68
29 75 87
31 56 97
94 57 17
18 73 54
89 83 32
78 71 63
22 9 92
18 20 64
23 79 32
31 32 32
35 38 80
63 16 91
78 55 65
13 88 13
339
45 65
6 9
99 9
75 4
73 58
96 69
49 49
86 6
41 32
20 7
31 58
12 46
34 8
5 33
99 52
97 81
88 6
13 56
43 79
2 3
75 67
1 87
97 4
40 100
14 5
100 61
48 81
39 99
35 76
31 73
65 57
77 57
67 38
72 69
1 1
22 18
93 24
86 74
48 95
27 48
16 42
44 77
85 22
69 74
39 82
67 40
81 48
72 66
50 22
90 25
98 10
70 62
31 21
93 50
21 71
11 67
63 37
32 35
54 97
56 88
45 79
54 7
18 98
86 23
87 77
21 83
60 11
70 76
26 54
22 100
98 40
88 51
4 85
19 84
30 90
45 98
9 50
39 25
72 26
99 52
25 47
14 40
88 56
26 94
53 80
3 28
78 85
2 25
47 99
70 96
43 24
29 26
84 16
72 11
98 14
3 44
93 97
32 7
58 89
62 90
81 86
62 65
32 76
1 26
99 86
25 66
87 52
95 46
29 99
78 57
34 16
95 93
45 38
20 74
94 58
35 14
29 92
59 95
90 27
30 36
44 98
44 99
43 38
35 56
25 41
80 58
46 33
53 10
53 62
86 29
35 90
91 100
13 99
51 92
54 51
12 92
50 7
86 42
20 78
37 10
63 14
31 74
8 85
51 59
99 65
89 61
87 26
100 22
2 62
18 5
81 3
23 63
98 5
11 63
24 95
38 66
64 40
79 2
86 95
40 28
30 60
2 70
37 62
25 18
3 33
80 33
67 73
51 15
48 17
29 60
40 63
96 18
47 33
11 89
25 77
56 21
19 78
5 27
72 66
26 6
21 12
76 73
53 59
12 74
27 46
6 22
92 92
1 44
72 100
97 45
97 37
64 34
4 31
17 56
77 49
51 28
35 20
31 64
89 2
26 30
7 77
22 40
4 15
27 14
28 49
2 7
74 68
18 91
89 44
31 54
93 48
48 87
1 80
25 15
15 62
14 21
93 24
51 84
59 59
44 31
38 49
13 1
80 61
64 76
5 96
87 69
38 83
86 94
32 28
9 73
57 67
15 57
16 77
63 50
55 42
12 38
26 39
68 99
26 26
57 81
56 99
36 88
89 58
68 87
95 17
88 16
30 36
4 100
76 32
26 91
34 98
25 49
45 55
3 32
10 53
57 90
7 73
55 28
54 89
33 37
27 14
69 92
13 78
87 9
50 47
74 74
42 56
64 91
55 82
72 97
95 47
12 15
17 47
44 32
25 39
91 76
35 39
49 90
28 37
60 83
33 56
9 64
49 40
74 80
30 46
49 57
64 12
6 53
98 40
26 16
70 77
26 24
11 40
16 2
41 33
73 12
2 26
83 9
85 29
6 48
52 77
30 1
18 88
99 18
51 92
34 74
84 75
56 92
76 66
26 67
22 97
23 35
36 9
70 100
16 16
95 19
97 91
5 44
10 54
80 43
43 11
100 44
65 93
6 66
33 12
62 89
21 50
3 64
68 94
96 57
63 74
47 76
32 22
92 87
98 23
52 36
31 22
19 62
64 58
