1000
2078
206 881 51
733 736 91
224 617 67
410 411 38
353 247 25
684 718 11
611 37 48
514 959 51
20 19 10
596 258 61
311 466 29
688 395 73
522 50 67
815 375 44
801 229 41
475 820 16
698 574 45
561 946 47
254 505 26
780 321 84
537 984 86
700 423 45
61 876 9
272 709 21
449 542 4
933 849 51
616 903 21
296 93 67
937 155 83
888 924 57
92 711 66
63 212 82
345 215 92
268 735 5
442 173 99
124 339 16
107 117 70
407 611 18
744 299 28
688 320 76
330 705 82
885 977 68
698 424 4
654 377 85
778 690 58
626 417 93
272 979 71
580 774 98
551 822 35
750 299 90
105 577 79
796 306 90
529 432 20
746 198 90
808 854 66
145 386 46
927 207 25
954 917 97
379 367 96
490 926 95
995 30 18
555 56 41
640 292 41
801 772 68
145 336 85
889 333 34
558 616 10
335 916 98
218 531 45
913 504 51
481 644 2
195 577 74
217 501 50
709 977 50
870 995 39
181 100 1
338 419 50
41 545 56
402 431 94
164 819 44
877 594 43
632 355 14
727 993 62
853 854 71
580 692 45
333 906 84
417 863 56
220 237 5
971 940 86
320 467 19
122 639 40
568 724 96
228 54 51
979 291 32
689 836 1
765 845 73
972 521 55
964 392 36
563 52 99
748 406 71
215 914 89
430 710 89
412 876 99
741 496 25
309 410 26
88 434 17
670 500 24
953 876 59
449 82 5
65 385 93
821 209 35
390 491 3
433 40 20
371 932 80
391 783 73
780 86 86
179 920 27
665 167 11
830 164 60
381 171 16
426 888 22
150 305 49
1 247 32
674 324 20
6 942 39
562 776 97
702 721 35
829 791 80
654 978 69
647 274 35
124 287 4
505 810 66
49 777 97
670 330 65
687 47 43
422 87 74
433 97 14
792 831 54
259 249 20
609 56 73
234 783 38
44 262 42
344 2 69
577 786 44
475 466 41
617 651 66
941 475 6
632 584 67
137 168 19
912 167 77
241 886 92
113 170 80
975 636 67
575 718 54
287 411 56
317 799 4
684 661 35
874 839 38
199 83 37
347 1 62
359 140 84
304 517 66
441 857 43
626 272 18
459 960 32
390 234 94
58 199 94
39 999 77
475 815 32
592 690 4
190 684 36
306 309 96
912 440 84
163 121 85
867 244 21
596 914 73
102 656 67
820 954 54
101 676 12
333 270 19
644 715 60
605 560 91
450 406 20
863 151 92
17 992 17
213 670 77
172 757 33
238 950 4
358 78 95
754 797 30
582 849 59
581 96 58
686 479 30
848 95 43
858 493 94
276 769 54
267 632 27
112 2 23
868 436 24
875 773 1
2 82 62
83 398 79
386 303 13
888 769 78
644 424 7
718 642 74
115 972 41
303 354 21
536 291 70
232 343 25
697 926 39
532 457 15
257 849 20
725 810 82
845 636 69
573 369 89
643 284 16
446 396 71
400 996 78
269 971 62
115 112 1
824 669 67
36 978 96
817 288 34
216 754 83
10 870 13
137 901 76
264 775 99
510 11 84
512 80 19
754 145 36
103 174 24
98 826 29
236 582 47
177 599 21
265 448 95
928 359 73
462 422 89
206 116 43
46 949 48
651 68 64
637 701 43
837 820 50
266 743 68
208 704 40
848 522 2
46 729 26
517 522 49
833 996 80
400 744 28
831 693 42
506 429 90
989 159 42
657 851 12
360 310 21
405 93 43
241 910 77
193 781 78
18 801 38
429 833 30
574 311 51
389 417 88
67 462 17
297 176 30
112 124 3
925 713 34
902 871 23
761 957 86
692 538 17
971 545 26
769 901 18
218 994 42
839 101 37
644 165 1
46 108 23
596 987 30
77 931 44
492 827 57
858 440 17
552 585 42
629 514 94
225 685 43
458 725 4
92 37 85
156 990 72
91 740 5
846 573 2
675 805 11
756 434 3
379 998 9
436 232 64
662 671 55
159 335 76
385 915 13
871 247 72
785 170 90
733 351 7
779 232 88
428 306 97
939 350 59
323 388 3
465 440 8
734 606 9
434 643 83
673 397 23
12 912 23
378 879 40
508 315 88
225 601 54
389 651 52
232 169 59
656 316 10
213 370 34
486 202 76
604 500 48
100 151 20
194 615 68
81 769 87
834 656 58
610 221 93
869 487 88
325 724 76
275 798 57
561 401 25
97 429 75
450 767 21
452 138 49
391 346 1
175 594 73
787 867 8
830 184 20
957 255 35
937 58 29
496 231 60
727 661 42
634 371 11
479 882 12
599 698 33
700 622 24
217 689 91
276 278 69
960 417 52
167 861 43
291 293 55
1 452 38
347 640 16
382 580 28
263 478 72
535 788 52
421 437 54
1 115 92
223 895 4
907 934 93
99 562 38
437 766 10
78 930 10
250 319 50
137 687 19
291 880 25
591 808 48
241 746 77
357 149 93
42 116 93
216 856 29
592 12 43
701 546 33
264 417 11
354 650 87
533 389 66
685 900 34
206 124 19
473 303 24
678 572 60
835 55 50
913 135 33
38 495 6
333 168 35
151 758 4
28 11 88
243 427 52
466 824 21
242 605 29
464 980 7
499 574 9
403 340 80
338 373 63
813 377 21
829 361 98
339 439 82
313 568 19
415 177 59
429 733 21
63 899 67
276 249 59
587 567 25
899 804 12
197 710 66
462 185 13
655 724 62
455 43 78
459 836 61
887 577 4
584 585 84
843 607 51
916 14 70
389 484 58
622 306 98
537 189 7
614 157 22
213 820 81
518 695 87
937 205 27
724 674 95
485 692 21
213 892 24
835 905 56
343 354 77
459 985 11
142 848 98
547 154 66
525 905 22
620 913 63
33 218 79
468 29 46
216 163 73
101 962 88
780 150 44
777 294 79
287 667 42
446 565 84
326 120 74
808 89 48
545 704 74
657 655 58
258 489 15
566 135 38
863 914 25
500 541 36
192 362 24
643 277 70
200 393 60
371 446 43
718 922 59
661 433 3
964 710 60
130 449 90
901 206 41
620 442 89
674 331 86
914 105 23
184 92 55
772 523 60
928 750 85
554 117 87
912 179 21
750 830 73
996 189 14
781 793 37
915 124 56
695 849 90
890 770 72
709 576 89
848 355 54
393 232 45
260 976 18
128 719 74
15 599 81
623 108 56
77 23 29
921 883 32
544 211 36
108 914 35
91 228 47
262 159 77
761 630 28
482 473 58
583 216 78
162 315 61
565 327 49
463 982 23
620 930 39
516 203 77
604 405 45
493 925 89
611 172 15
397 901 75
762 507 24
912 90 80
596 936 57
374 910 58
648 515 56
441 817 42
361 506 24
142 80 57
417 75 65
480 441 79
600 819 96
45 475 24
612 664 55
51 506 68
300 930 17
127 479 39
246 194 21
102 344 13
977 650 29
111 908 67
625 721 27
179 501 38
826 287 22
339 101 91
379 451 80
154 248 70
283 892 4
598 717 13
14 453 33
323 845 35
850 813 81
415 477 33
799 398 96
659 471 11
604 400 33
576 794 16
924 645 76
138 32 67
814 45 65
117 343 1
768 122 23
138 663 59
624 947 42
243 117 40
864 350 87
851 357 6
579 648 79
462 611 59
250 479 68
203 786 88
807 612 4
689 118 18
749 321 27
383 382 65
557 545 37
844 443 59
752 207 86
586 800 91
418 130 25
53 964 42
889 314 35
794 102 9
122 354 58
500 255 77
436 723 57
114 823 35
40 620 95
87 857 78
794 747 43
480 316 59
480 655 16
954 188 88
187 632 13
896 596 66
350 436 68
659 780 60
658 379 17
776 940 59
219 215 34
321 789 30
705 158 19
683 775 50
30 623 54
907 399 29
568 142 91
779 454 10
21 679 79
226 608 47
127 494 31
738 879 77
862 170 3
7 105 84
632 142 94
819 596 87
622 96 58
427 617 30
333 664 70
395 834 73
49 404 41
279 991 74
578 14 31
606 551 1
911 526 69
740 627 36
878 549 47
858 416 36
608 682 74
247 966 88
240 616 59
929 60 42
286 734 15
767 698 65
85 294 11
703 107 19
38 73 41
193 607 32
644 459 60
503 24 26
443 866 96
327 865 99
300 146 51
46 801 66
403 268 7
683 167 55
939 987 46
985 719 14
615 192 71
944 340 93
364 153 43
148 653 49
966 123 82
279 213 67
310 879 49
209 906 36
713 514 63
185 745 50
979 339 64
509 646 82
133 353 78
350 244 38
962 139 93
632 964 86
875 415 59
487 642 42
253 873 83
552 684 82
587 581 41
175 304 77
96 19 54
257 384 48
905 624 88
166 743 85
494 29 26
760 378 92
537 809 20
299 507 18
127 556 47
238 234 42
211 627 10
101 163 62
693 123 74
325 217 41
995 518 63
714 193 73
747 38 96
44 651 32
583 552 25
6 431 14
124 763 3
780 124 28
105 676 96
765 763 19
853 190 32
22 251 72
49 27 2
998 381 90
866 569 24
818 167 46
328 98 80
885 279 62
323 738 96
3 634 13
314 715 84
864 472 16
401 924 15
856 365 75
447 478 61
247 966 92
279 656 77
318 243 37
578 531 87
924 536 60
74 290 32
252 551 18
231 844 55
931 362 67
232 755 89
489 159 49
585 641 17
452 425 50
876 655 96
950 648 47
956 240 27
688 756 44
134 270 12
371 586 11
651 287 22
513 97 15
985 124 61
478 96 92
65 60 31
660 962 92
342 381 79
176 551 23
620 319 16
16 34 50
564 40 6
934 959 34
28 149 90
96 561 33
512 425 60
508 873 41
985 338 25
993 362 91
835 778 20
264 873 69
917 534 25
367 555 47
769 878 73
241 742 50
16 852 7
220 410 52
110 17 57
956 139 79
226 861 44
89 69 16
260 831 4
491 422 60
261 96 96
546 212 3
258 902 51
599 924 80
550 566 3
666 93 65
121 38 29
189 317 47
317 960 15
469 589 92
731 953 80
223 302 77
484 155 63
342 52 71
602 856 87
139 62 41
687 791 93
410 182 14
557 879 74
756 952 13
858 899 87
690 20 51
48 234 22
679 409 52
677 661 30
353 652 10
668 955 69
439 462 91
577 498 13
399 639 28
380 810 70
44 158 85
188 693 54
329 689 54
892 758 13
619 897 44
289 740 42
546 535 64
28 278 50
648 366 11
491 68 96
939 9 11
245 953 28
546 351 73
792 464 53
141 151 74
894 584 3
700 916 17
613 139 37
376 197 76
541 459 11
702 570 91
805 406 76
346 443 93
274 74 79
450 142 7
542 812 82
462 922 98
581 335 72
648 194 49
968 640 17
258 426 76
430 74 62
410 228 48
78 397 73
775 337 81
62 403 56
715 492 32
680 108 17
165 859 27
564 580 95
970 322 36
156 67 95
368 658 80
86 677 42
922 600 39
36 402 98
426 565 36
489 123 48
871 597 14
538 701 22
265 475 64
292 291 21
415 898 61
796 355 31
819 758 18
971 105 93
895 327 77
551 981 6
281 712 44
477 256 40
325 860 48
318 608 44
800 467 13
94 367 1
927 503 66
63 915 71
279 268 92
68 705 39
173 202 9
776 720 76
107 97 87
423 829 72
713 712 7
317 775 87
534 379 31
63 559 42
898 264 22
233 63 64
891 278 37
401 963 95
658 94 3
458 199 6
486 879 53
80 368 70
495 764 33
109 416 10
516 124 75
290 622 96
922 420 48
78 908 47
455 533 47
456 862 46
58 917 35
713 29 39
407 978 19
950 852 35
193 82 4
572 880 70
16 664 14
502 385 42
42 402 63
533 406 37
137 577 91
629 791 68
429 60 14
688 18 70
852 57 95
179 811 20
54 84 24
520 673 42
638 43 62
162 563 34
482 569 33
289 925 70
603 276 68
139 394 89
471 178 60
392 727 43
438 737 19
448 466 40
900 976 56
816 515 79
595 781 91
957 214 97
556 723 83
72 561 86
307 846 72
446 535 86
641 739 54
571 439 55
645 526 14
441 113 44
502 609 28
558 563 62
88 136 45
289 540 35
715 378 88
663 977 68
302 849 37
58 535 46
97 66 69
702 216 82
206 101 63
86 425 61
478 34 16
728 97 60
797 396 61
42 918 20
23 480 80
931 335 95
458 163 99
242 971 80
73 432 69
372 649 28
260 832 50
406 646 11
773 100 78
715 285 42
48 101 21
793 827 52
892 691 63
341 168 98
389 478 70
212 787 9
382 63 33
994 175 16
519 902 37
732 758 97
704 96 67
996 530 30
819 822 58
40 728 3
23 552 90
286 696 54
221 689 12
743 328 36
426 949 98
101 793 55
462 605 42
688 317 16
600 205 92
317 838 42
172 827 21
220 650 42
660 671 80
77 829 5
244 940 52
698 958 98
607 846 53
16 412 34
866 676 36
198 425 74
791 342 64
234 799 93
537 457 29
432 248 35
609 560 86
703 264 68
45 315 15
441 546 10
267 655 45
183 539 25
834 636 23
428 638 27
234 261 14
380 425 10
152 478 11
146 630 91
416 944 94
3 518 89
51 937 15
81 983 47
852 511 61
672 737 58
451 416 16
322 69 48
610 707 49
680 570 28
455 37 26
53 515 59
294 118 55
155 805 67
656 482 26
591 975 28
698 213 99
758 461 89
651 392 40
479 630 47
660 588 74
644 677 49
815 854 29
223 34 64
324 992 78
791 169 28
329 911 75
191 835 53
677 84 70
2 100 36
501 173 24
383 61 28
111 754 60
481 419 70
383 590 50
245 420 27
793 349 13
767 440 72
579 825 25
865 910 72
314 478 18
43 454 93
794 175 77
214 507 46
617 926 26
959 65 89
170 489 37
153 159 59
118 998 46
911 400 12
607 18 80
687 214 42
732 453 76
966 615 53
12 107 40
923 153 13
203 706 83
698 229 77
814 641 76
342 828 19
874 813 29
746 285 91
238 966 85
125 85 53
491 741 47
62 356 13
736 388 79
301 490 31
337 502 94
390 454 76
480 709 96
237 155 68
190 575 30
266 684 30
492 50 4
318 218 83
275 463 40
166 659 56
877 595 83
227 99 35
996 321 10
444 136 48
199 513 34
120 228 33
462 896 56
292 505 6
728 96 60
593 749 65
759 82 27
917 974 84
358 585 75
275 293 4
836 554 47
83 716 42
792 240 5
934 156 36
351 42 69
10 19 5
462 278 21
322 412 6
818 280 69
300 169 59
846 926 20
337 232 88
967 646 97
415 678 27
272 116 22
298 969 92
51 55 56
194 59 93
740 234 17
556 787 17
457 166 4
443 256 28
944 39 53
169 112 26
82 705 98
543 640 54
384 910 63
933 955 61
945 229 83
107 155 64
704 692 35
424 962 6
577 26 7
653 667 62
35 465 91
927 502 81
350 194 84
497 127 3
443 453 69
533 502 44
110 731 82
927 813 13
953 548 41
564 954 32
751 563 65
459 206 58
563 715 38
53 209 59
361 584 55
693 610 69
728 714 58
217 155 15
773 607 29
572 123 14
498 894 62
665 958 26
751 615 54
921 519 14
926 552 11
5 412 79
564 532 3
823 217 84
586 440 86
827 639 87
13 875 74
212 575 19
247 850 56
475 181 16
997 971 67
28 788 76
967 651 61
667 63 70
355 822 21
716 648 30
83 767 35
180 92 63
374 662 84
250 254 37
723 572 99
522 495 33
260 914 64
367 459 17
653 18 96
917 545 34
764 257 85
859 360 67
661 776 11
54 870 61
563 794 54
496 939 90
110 78 32
305 465 47
976 491 20
892 501 90
877 207 97
756 469 48
25 504 93
945 78 28
545 898 50
172 723 71
242 305 19
415 762 4
517 99 16
538 837 99
308 448 9
475 699 96
398 802 16
303 161 43
518 6 67
552 674 33
535 33 36
18 937 68
348 563 44
733 894 15
597 965 47
308 714 73
653 670 75
117 988 42
538 550 70
377 854 78
737 569 3
672 376 50
114 848 1
348 81 72
250 242 14
393 416 11
627 331 50
157 792 80
49 211 68
125 796 94
309 189 81
653 251 4
197 621 27
132 683 26
653 63 74
900 7 17
425 235 1
533 338 59
838 587 98
437 319 83
637 43 26
948 771 92
141 246 36
326 740 27
817 770 14
168 743 48
452 371 72
401 314 7
257 342 73
600 671 59
482 178 48
217 608 23
451 839 87
377 261 18
83 982 74
93 171 93
438 736 13
562 458 67
869 761 97
472 326 91
505 9 36
255 986 12
690 810 95
821 438 45
404 388 55
812 956 36
380 488 72
998 672 85
944 908 43
857 70 44
12 772 31
374 487 14
857 21 26
481 735 75
949 654 68
103 559 47
459 88 66
571 490 22
756 8 6
635 339 8
614 550 72
897 117 89
316 154 57
719 715 70
593 230 56
674 7 19
941 383 6
339 851 15
697 713 43
781 782 41
948 759 24
812 983 16
247 15 15
817 353 94
202 636 64
275 920 37
647 34 80
631 124 13
980 962 17
710 342 74
251 823 90
742 499 9
783 896 41
42 15 89
424 245 41
520 584 42
959 936 34
511 546 83
671 321 30
130 290 1
998 570 90
172 715 24
778 33 5
467 575 33
680 676 14
714 346 21
431 279 11
689 549 84
95 939 14
805 973 22
806 836 37
479 427 39
340 181 57
818 638 91
987 232 10
255 341 43
61 346 34
378 82 72
129 396 16
164 681 67
455 523 33
390 991 60
278 650 51
113 667 94
89 714 93
10 593 46
996 40 71
372 888 19
170 307 56
164 111 55
513 136 80
25 291 19
133 777 69
943 277 81
858 723 90
396 690 6
930 735 93
320 766 54
844 219 59
935 52 84
778 985 89
997 801 22
481 567 8
378 501 23
973 89 73
163 542 41
849 452 12
655 360 62
663 531 80
72 362 11
558 613 63
753 611 12
683 956 50
642 483 63
184 879 9
774 403 20
889 250 84
495 492 75
59 165 25
59 147 27
581 724 50
914 738 96
112 929 17
444 42 42
53 488 17
398 59 51
39 978 20
540 555 56
709 264 15
879 771 10
535 192 41
145 740 68
693 988 43
241 990 55
718 171 36
94 794 62
671 55 79
273 622 53
294 472 18
208 723 24
384 505 31
680 675 77
870 588 6
892 79 20
316 470 32
60 757 55
442 320 38
993 97 95
51 848 29
138 895 43
30 148 96
207 704 66
704 723 36
413 242 56
828 805 96
88 309 62
951 879 19
278 439 66
697 818 24
46 855 84
278 401 27
940 618 5
119 695 31
611 231 31
436 365 68
478 846 57
231 186 26
992 129 92
208 819 65
554 188 44
970 368 7
280 495 38
455 844 16
516 303 4
864 894 74
464 846 24
295 876 40
256 73 13
929 351 13
670 813 38
68 299 9
35 759 33
139 531 55
615 763 50
765 18 29
264 472 35
411 93 4
585 896 82
449 702 34
141 696 93
476 939 24
308 241 32
807 680 33
105 33 62
484 620 41
19 550 52
696 271 44
563 434 45
882 566 99
907 489 46
502 935 90
468 404 40
447 22 49
211 875 21
907 235 31
751 203 32
229 12 73
809 328 97
651 154 49
837 87 87
717 45 16
714 144 79
779 718 77
763 942 95
350 22 86
487 679 35
440 709 43
605 420 78
709 840 87
705 161 57
380 666 40
532 497 68
982 52 76
860 133 44
871 570 10
858 742 51
6 741 6
448 675 7
296 352 46
798 962 18
477 415 11
660 580 89
123 461 3
949 123 85
274 367 45
41 592 25
871 966 12
363 462 32
824 90 62
111 704 41
55 115 20
395 904 15
215 832 33
662 794 26
206 622 94
941 707 26
732 156 45
962 226 40
141 23 74
905 575 24
554 814 63
796 685 41
465 932 30
447 210 79
651 114 14
92 972 71
415 138 97
698 209 67
449 406 86
816 84 50
278 44 55
152 797 78
703 951 54
771 157 45
742 504 45
947 972 56
790 915 55
813 149 61
489 503 83
259 953 84
756 893 83
666 227 53
111 323 39
393 461 97
6 374 74
364 792 51
490 351 31
545 767 73
850 277 44
620 204 49
962 927 88
403 914 68
250 604 86
768 663 48
586 793 99
203 367 1
167 61 10
99 369 15
107 940 53
837 687 75
90 414 73
225 745 36
867 644 87
165 582 53
422 551 31
937 235 35
218 85 88
877 89 78
126 350 30
701 613 84
567 531 12
237 844 93
485 986 49
572 790 55
938 260 77
904 366 6
249 794 95
621 993 94
345 947 34
206 592 83
290 230 33
709 207 49
719 268 39
606 331 60
710 986 15
428 64 16
585 2 43
988 257 63
734 670 53
627 445 24
205 507 77
452 521 65
172 961 15
298 81 78
32 90 15
212 889 53
279 746 54
611 798 51
914 664 17
904 111 42
910 906 72
502 734 2
654 3 55
719 661 67
10 563 72
608 286 94
802 506 43
245 353 4
517 927 84
610 835 52
545 782 56
589 131 58
97 191 53
223 111 52
836 411 76
234 436 45
374 804 69
533 132 31
510 942 18
337 511 49
824 975 40
456 634 31
69 847 26
594 169 50
715 247 16
586 553 4
43 457 72
207 409 23
525 781 17
495 347 8
5 852 26
770 372 60
564 787 65
377 511 9
930 264 48
895 367 97
664 376 42
558 963 96
980 394 16
91 995 35
100 776 77
660 109 57
259 223 23
665 88 75
93 664 68
439 408 95
453 883 14
771 303 69
962 404 37
917 963 79
382 861 92
483 51 86
38 973 78
117 886 67
811 375 17
420 383 87
620 39 76
30 404 66
321 151 9
996 151 47
49 220 63
521 995 9
34 627 92
636 459 8
143 990 70
918 669 33
296 712 38
456 196 75
2 537 80
769 636 92
621 863 63
278 770 32
961 293 91
193 501 36
89 832 54
947 794 92
891 29 4
570 96 23
137 771 18
714 308 3
157 188 39
235 368 66
540 686 71
251 256 87
19 609 4
32 591 40
978 434 27
910 933 48
14 542 21
157 322 14
236 628 5
238 590 37
550 520 90
902 352 31
73 263 34
57 984 18
65 762 60
396 282 44
751 184 27
874 294 41
398 27 87
810 751 22
381 284 11
288 740 62
867 255 68
699 236 41
33 858 81
76 809 18
888 83 87
90 942 28
964 189 92
345 621 98
344 17 46
480 953 69
695 275 92
518 870 41
13 118 40
560 577 49
857 249 78
897 858 85
518 176 35
601 993 56
360 302 66
153 739 81
1000 700 83
985 38 57
552 498 74
207 702 18
81 415 81
701 89 95
555 659 3
474 443 64
684 113 65
763 102 13
254 990 23
467 161 99
685 651 56
202 408 37
978 567 2
313 432 53
343 516 28
182 33 50
741 623 44
91 491 96
438 826 51
797 478 49
373 564 33
340 482 21
526 846 9
234 919 56
93 116 21
336 376 29
96 397 34
349 734 99
678 990 6
923 942 78
596 907 60
105 169 70
439 648 65
429 351 18
481 896 92
15 809 55
475 30 42
487 995 75
154 266 23
64 497 11
697 67 73
543 659 10
652 605 34
65 924 71
802 193 71
932 247 93
938 98 93
183 425 59
220 402 45
240 423 63
948 417 46
548 490 37
942 668 43
389 659 74
572 94 64
938 415 8
797 69 1
109 719 37
981 540 5
862 16 90
564 721 56
759 482 51
923 555 38
42 91 60
750 29 46
3 33 25
229 996 30
597 939 93
371 469 86
533 893 20
214 851 41
603 17 44
376 673 31
134 947 81
178 847 51
591 835 74
897 741 20
422 157 47
575 138 9
164 448 74
441 406 10
460 507 27
626 697 8
501 800 91
310 268 89
21 635 39
65 407 80
874 357 84
21 617 14
331 945 18
407 879 86
992 311 23
982 203 33
368 156 32
74 374 87
392 244 92
279 605 73
308 90 90
717 239 83
818 302 47
657 499 28
889 55 55
391 291 75
179 840 82
338 396 75
504 716 19
593 676 34
537 636 99
245 641 29
369 66 78
566 235 31
750 878 23
701 32 37
78 438 21
995 955 27
450 529 36
296 895 90
685 558 18
515 650 23
827 684 33
271 537 78
154 16 82
607 466 45
29 794 89
358 586 81
363 843 82
18 508 66
309 904 24
789 780 1
861 599 28
585 72 79
991 290 62
429 191 27
680 752 10
255 651 64
5 716 77
526 875 72
613 975 61
577 455 58
578 487 73
415 610 78
224 536 68
41 242 56
851 618 46
32 139 5
951 840 29
956 705 45
188 751 95
216 557 53
782 588 19
924 896 20
13 289 20
971 36 51
233 86 53
539 19 50
816 247 32
996 810 95
885 594 27
721 844 73
48 975 67
228 411 5
929 22 67
592 265 96
968 900 50
633 495 81
759 123 5
552 787 53
918 714 79
262 879 23
781 533 80
791 416 84
819 924 62
115 589 46
668 437 26
97 774 66
373 783 52
240 825 49
952 682 55
891 549 1
114 258 70
186 149 12
499 86 23
463 461 78
822 673 52
815 919 11
72 973 71
79 231 48
510 629 44
623 97 66
566 42 28
601 139 5
278 841 55
608 620 1
603 473 11
770 256 64
808 544 80
720 439 56
224 829 34
171 770 15
497 794 84
728 672 18
681 734 9
327 603 35
408 545 9
214 176 67
71 479 41
171 614 13
859 588 10
757 9 73
655 565 80
24 597 44
699 84 31
651 316 47
707 91 58
580 67 5
772 665 41
498 931 45
588 429 10
796 804 32
255 394 88
90 170 18
946 757 13
16 216 9
512 74 45
442 623 6
942 9 45
238 891 25
369 882 13
79 225 90
121 902 93
183 510 74
775 32 41
399 746 82
332 264 73
958 837 84
83 955 50
177 985 39
338 275 34
401 340 77
47 768 20
784 382 1
2 969 92
389 133 87
372 155 88
82 163 8
230 672 10
355 199 85
379 415 47
820 675 8
115 588 21
366 325 44
155 984 51
857 283 96
919 189 99
490 818 24
43 399 46
857 151 18
564 344 19
213 114 74
325 930 72
390 594 26
806 79 89
34 60 33
524 772 70
527 230 57
707 540 58
268 108 49
630 944 99
732 291 20
692 434 80
144 474 19
71 227 6
103 209 53
677 148 82
4 726 88
598 133 33
302 414 45
445 939 38
326 139 35
759 812 90
60 263 19
356 400 67
121 665 99
973 322 71
274 850 24
407 220 75
254 404 79
339 481 38
567 139 89
927 988 43
438 262 69
501 261 45
293 24 81
381 48 70
515 944 56
992 886 6
177 370 84
87 410 36
284 284 7
42 413 99
820 709 50
570 729 39
720 521 80
736 266 12
655 114 34
792 538 74
547 364 62
601 693 13
206 856 33
715 570 25
552 955 47
568 770 32
197 846 62
288 881 62
799 249 65
147 215 46
294 72 47
17 196 77
128 474 7
787 594 41
824 52 90
533 698 94
981 157 80
133 334 95
560 788 67
725 648 73
783 432 39
867 38 74
477 711 99
265 592 92
480 655 34
717 873 19
458 192 58
268 263 9
808 368 69
504 729 33
743 862 57
985 207 30
68 972 1
856 732 36
655 262 54
744 695 63
719 759 2
917 912 2
230 114 21
942 551 24
45 132 30
402 769 40
964 693 90
842 626 26
146 624 25
494 483 47
801 1 56
710 901 23
974 748 65
88 282 88
513 909 56
685 519 59
700 350 61
79 433 77
317 659 53
270 149 77
276 827 2
500 693 58
515 927 94
114 310 38
829 241 31
268 489 20
811 837 9
801 419 7
734 165 13
218 92 39
994 471 1
982 469 80
75 839 4
571 561 51
520 603 47
99 120 9
528 552 91
21 703 71
824 759 56
224 760 93
948 339 2
658 11 56
803 714 3
20 87 71
787 574 25
817 815 77
41 74 16
587 894 60
358 602 29
855 664 22
428 935 70
182 887 60
574 232 42
748 957 62
371 456 69
147 58 30
323 322 15
793 551 11
960 418 54
132 439 33
870 566 21
182 770 97
432 484 9
913 595 89
271 518 22
127 734 89
624 636 52
725 267 58
484 489 34
658 179 44
70 556 88
701 491 90
990 334 13
587 727 91
326 330 54
9011
421 930
83 341
870 499
988 474
404 283
323 361
298 231
392 514
726 882
220 363
323 22
658 85
117 28
608 437
584 376
869 543
185 44
701 934
334 846
623 817
25 993
847 818
791 133
120 568
343 420
49 119
839 163
208 105
712 352
997 379
409 38
973 262
513 283
639 937
22 842
258 104
986 41
485 891
661 337
169 413
398 445
433 582
627 442
66 352
897 290
205 75
181 452
145 813
40 67
949 945
913 809
563 179
28 745
736 542
704 310
48 34
215 219
895 157
134 695
778 341
700 316
596 391
296 717
77 79
19 410
556 900
364 977
300 15
130 371
677 408
84 768
274 853
740 263
248 96
707 910
94 588
742 587
255 308
597 221
612 1000
428 714
103 581
235 645
699 375
768 987
95 181
436 779
529 322
339 840
967 611
245 204
536 162
434 34
666 950
266 200
444 165
257 551
371 895
866 25
915 776
627 438
467 401
334 411
579 211
439 472
681 82
257 451
582 570
364 502
848 361
553 922
920 313
734 111
884 472
964 337
671 453
405 752
412 128
764 268
498 783
437 371
425 425
555 665
387 737
168 59
237 297
983 744
748 448
725 156
85 674
566 706
829 810
156 509
103 150
434 627
68 471
823 383
420 276
7 969
298 18
603 644
318 2
47 196
293 31
388 250
707 458
148 126
296 44
67 400
927 183
798 587
483 569
979 766
317 447
40 559
977 194
383 230
295 296
479 708
989 481
38 15
705 948
810 179
163 374
295 398
977 15
82 991
581 665
413 852
97 957
147 432
595 852
171 925
979 406
89 595
353 947
623 589
35 500
668 164
484 325
611 706
441 825
564 773
973 186
383 895
364 524
28 926
52 100
96 460
607 114
578 925
885 88
900 312
407 6
205 685
270 796
27 490
594 155
678 433
46 352
439 25
473 86
551 151
216 431
772 624
518 582
222 526
437 884
840 134
350 518
946 250
837 535
475 511
384 807
132 981
286 120
632 518
300 736
999 277
770 744
322 965
581 744
993 755
125 644
167 177
847 760
383 671
21 219
112 664
392 643
564 38
752 293
406 467
826 222
434 494
960 579
134 902
959 354
374 998
242 260
534 277
507 71
224 777
34 707
325 519
622 9
376 913
472 979
406 756
375 428
578 997
477 973
213 408
737 913
922 165
934 734
584 552
497 889
488 498
7 372
126 137
301 6
941 777
401 807
899 741
430 670
692 342
133 2
786 687
886 721
265 331
958 424
489 3
939 544
93 528
306 953
840 825
289 502
575 122
1 540
585 289
515 208
859 374
900 413
105 126
683 614
919 780
663 14
837 333
837 361
465 686
878 431
766 804
496 869
930 776
267 159
965 469
948 982
501 919
622 186
670 10
227 260
487 20
99 515
881 488
244 833
296 448
655 777
364 654
363 527
49 975
435 819
793 357
2 860
468 359
799 885
478 39
3 303
311 671
663 395
656 305
403 458
552 666
953 19
894 75
608 912
601 572
253 501
636 676
139 277
309 425
227 643
804 16
599 659
273 682
104 155
942 244
511 705
387 25
793 242
929 246
731 83
182 425
53 184
23 375
867 111
116 649
934 584
716 346
114 603
354 584
464 734
743 860
620 706
271 631
273 897
80 331
71 390
924 156
447 784
952 329
197 164
76 451
916 879
955 937
24 941
157 148
397 481
536 190
325 777
350 530
294 348
487 176
289 787
638 152
287 954
225 168
390 778
483 99
945 484
4 24
734 275
424 308
817 134
404 53
318 786
36 165
556 728
578 127
853 680
618 105
193 473
601 853
754 51
739 30
218 619
531 108
48 531
925 419
410 780
407 566
372 936
543 172
551 24
294 717
485 879
562 507
177 450
185 759
563 652
305 390
89 985
964 288
809 743
937 326
291 165
894 93
579 49
505 435
19 297
526 637
272 861
219 858
115 279
767 256
504 721
864 169
467 202
436 825
574 708
744 991
871 285
580 942
278 847
39 567
509 790
23 276
536 606
504 539
739 599
750 317
171 174
22 674
292 449
270 211
802 942
477 60
12 336
685 92
650 80
533 426
103 156
859 30
209 734
519 209
885 756
242 57
392 935
109 245
265 626
430 594
266 681
933 744
301 283
726 540
922 550
687 66
494 814
728 46
496 817
266 703
78 866
880 289
724 144
746 190
772 66
161 769
201 729
133 990
509 146
177 561
203 854
584 417
223 664
385 985
449 691
102 811
848 501
507 241
355 124
937 490
898 468
754 45
156 626
630 628
122 143
36 480
560 84
493 53
20 751
675 507
359 704
591 656
744 794
591 117
776 569
86 963
856 516
933 41
286 791
151 86
743 377
843 637
966 124
570 746
618 758
712 887
414 147
848 203
778 637
960 768
679 113
196 23
328 55
478 826
812 990
27 86
688 897
120 227
968 970
995 690
550 682
886 250
947 978
831 14
971 1
347 726
918 554
232 537
184 664
578 508
753 585
213 738
232 317
817 863
267 290
436 642
578 518
313 279
578 239
814 487
925 482
827 237
926 454
422 869
378 612
548 234
882 950
858 20
213 33
161 653
35 8
816 495
716 774
739 12
430 496
522 449
446 540
364 295
973 562
666 87
652 94
744 946
11 775
390 426
338 944
517 537
547 128
60 340
166 407
570 531
188 487
798 767
296 148
323 689
167 506
943 347
8 611
194 221
439 537
932 519
979 366
471 14
23 581
676 213
614 988
393 672
95 441
168 328
888 486
179 806
583 594
419 390
28 982
607 546
682 344
706 719
732 847
701 312
612 669
484 622
271 74
909 760
36 258
346 69
227 749
568 387
618 302
248 322
923 331
970 723
529 272
570 767
33 600
179 245
398 226
663 163
196 620
264 111
94 942
641 43
131 357
886 636
347 218
491 405
536 991
8 525
968 509
329 465
854 5
563 671
32 217
874 456
155 358
832 625
66 313
601 239
494 219
986 388
111 210
967 474
609 93
987 27
570 227
826 699
623 25
419 946
910 870
121 394
95 589
169 329
987 375
197 715
335 986
775 288
810 569
106 773
649 841
89 530
731 950
435 727
40 288
430 108
918 645
336 779
979 268
469 828
22 91
371 749
297 590
153 260
15 565
422 19
291 640
661 574
609 370
350 867
781 247
384 615
601 522
691 449
133 992
674 885
311 43
997 808
834 660
445 155
314 616
600 574
325 974
908 74
37 362
392 986
27 537
214 71
437 585
645 487
584 220
787 730
177 378
216 72
308 399
501 122
304 104
779 804
682 253
185 611
486 804
21 737
468 66
691 858
358 982
131 49
624 268
125 436
1000 179
592 546
181 220
616 429
460 575
389 943
446 827
8 357
5 50
97 10
141 359
291 626
127 661
881 156
777 429
314 978
449 467
632 600
184 430
511 839
123 234
776 501
53 548
149 763
441 697
503 723
34 35
659 283
37 58
835 682
814 42
168 406
24 334
381 112
577 378
664 685
601 349
497 361
579 499
853 226
227 357
628 878
928 731
238 914
931 336
396 913
645 328
475 997
312 361
19 901
916 242
829 178
89 884
644 231
628 172
139 454
986 234
596 553
601 858
504 355
662 101
66 756
601 2
197 994
149 446
814 891
324 933
365 972
656 883
941 444
771 788
171 938
392 140
763 623
978 565
69 650
282 139
919 519
78 893
892 738
549 346
690 166
743 796
289 941
801 598
359 634
422 78
825 59
41 831
260 596
640 423
738 754
258 103
760 126
800 212
403 969
289 624
722 82
88 974
255 513
433 665
432 351
961 327
210 828
282 967
453 541
917 780
562 48
666 277
640 821
83 419
846 51
112 422
251 291
571 508
610 645
195 967
154 262
54 634
441 563
630 856
848 284
767 673
537 704
223 353
829 608
795 279
746 963
35 935
753 230
580 212
846 325
436 254
345 459
178 563
314 602
282 118
161 895
760 457
963 197
589 983
201 364
949 379
698 197
169 62
552 686
647 641
72 317
823 88
123 122
569 535
698 13
842 20
950 673
966 520
317 860
751 355
841 444
227 83
186 679
699 305
772 606
992 64
403 152
897 963
490 295
487 897
356 529
681 607
930 702
835 83
434 520
849 713
656 611
386 836
631 811
784 698
888 749
267 892
267 107
917 281
971 7
320 686
436 170
404 276
216 42
501 542
686 406
616 309
204 927
406 121
475 958
506 535
169 916
44 810
149 849
352 911
250 980
72 305
22 564
462 13
421 73
206 67
46 562
848 666
175 84
403 959
788 235
85 122
67 40
927 13
835 15
13 665
851 804
268 230
367 434
115 327
204 167
908 769
29 232
772 910
558 52
998 761
862 327
214 32
794 502
760 145
459 737
721 235
586 986
534 946
242 657
193 726
219 417
418 625
583 627
225 51
589 404
441 668
547 190
880 389
497 584
740 51
985 171
432 409
874 650
139 665
843 612
249 110
436 914
195 745
41 439
370 710
896 17
849 707
353 75
136 349
29 228
285 166
543 680
837 855
296 456
320 501
239 808
826 547
404 198
501 116
829 794
340 484
618 614
307 26
587 459
538 748
666 917
928 671
867 133
724 72
720 473
151 396
480 377
157 73
183 625
843 607
545 646
770 927
128 935
497 838
654 682
233 629
604 511
425 153
216 149
458 618
197 143
381 122
669 155
169 763
265 127
136 349
785 680
497 484
486 744
136 306
877 619
481 14
815 862
661 160
163 701
683 439
85 208
639 922
807 505
144 183
173 836
642 315
39 131
92 735
624 925
173 739
660 771
8 841
494 727
702 673
998 425
330 245
858 903
191 536
76 784
510 272
753 45
892 444
481 276
488 292
730 899
970 612
215 494
599 676
294 812
665 167
279 636
260 630
465 928
659 265
303 619
304 33
671 492
522 796
794 847
809 958
655 940
485 65
51 663
76 881
907 67
715 191
122 299
908 535
653 343
869 416
36 111
561 831
75 175
856 16
727 943
754 891
284 62
368 119
562 875
563 798
897 215
998 644
577 50
102 460
20 528
147 33
223 88
870 22
355 537
394 116
578 97
951 430
757 796
601 361
19 205
535 389
11 68
720 50
394 636
56 601
680 312
319 417
789 169
963 11
569 942
996 570
337 17
693 706
766 298
867 116
239 747
709 299
206 142
371 54
576 598
3 378
886 33
991 627
873 351
819 288
819 659
26 736
880 778
696 556
706 652
401 379
148 686
408 380
742 50
765 851
88 12
190 195
282 313
646 372
615 750
50 618
170 50
432 690
521 274
651 689
494 735
529 474
837 125
181 924
47 546
856 142
708 993
795 1000
920 755
311 527
548 50
501 4
621 353
602 163
394 826
42 859
351 333
838 886
502 10
840 70
5 708
498 314
978 98
150 4
379 411
296 97
235 222
480 468
815 123
452 71
118 472
458 599
134 292
467 218
596 810
43 808
603 3
389 611
110 779
492 573
480 126
60 917
928 358
966 605
371 732
770 786
537 928
815 361
410 687
262 811
681 81
365 261
710 491
71 478
58 663
872 677
987 990
471 815
712 904
876 234
974 256
16 890
920 294
484 917
301 786
922 708
28 50
544 272
858 792
891 479
140 963
903 930
944 33
532 500
309 110
469 497
252 579
731 240
758 557
926 303
188 209
315 113
494 338
928 815
507 310
828 744
47 3
85 478
667 17
329 791
733 300
926 556
640 537
413 898
735 242
464 890
731 240
605 847
45 876
698 100
372 170
296 167
351 562
597 182
775 124
737 413
60 896
730 752
520 631
51 883
408 449
495 300
142 452
371 513
780 133
978 868
179 687
386 248
577 5
155 838
401 685
224 169
580 652
206 954
38 368
361 728
180 629
318 383
249 351
955 740
479 833
787 971
658 976
502 38
832 576
92 850
805 968
82 695
27 308
749 708
967 287
748 572
399 515
994 345
823 415
904 243
258 683
66 541
958 451
88 613
288 998
852 246
743 498
787 596
636 749
156 707
783 858
958 51
565 191
751 44
925 439
366 315
498 137
58 158
426 619
979 714
54 836
246 382
130 533
215 731
580 979
703 179
185 349
404 618
491 148
839 734
567 315
161 135
882 916
7 26
452 253
669 376
189 453
535 806
459 87
690 424
534 554
321 55
602 34
659 469
572 191
705 273
520 383
501 507
655 987
103 837
790 619
137 379
985 271
674 697
566 931
944 8
374 533
230 829
559 678
485 494
420 195
655 482
262 672
54 956
451 768
659 714
133 435
187 744
166 252
980 469
95 125
853 511
488 185
555 904
193 942
288 844
607 382
381 269
707 584
401 117
420 552
330 255
389 119
759 283
465 224
904 996
18 609
197 976
32 914
804 915
703 117
94 504
66 961
800 246
620 845
904 378
549 278
309 759
329 829
97 550
820 616
43 363
850 667
676 407
915 827
36 84
763 439
957 904
952 411
572 176
741 2
32 464
115 695
219 573
6 496
245 560
846 192
384 127
868 272
119 273
36 105
543 181
283 784
591 423
757 542
404 801
9 243
205 26
633 527
278 430
945 996
175 890
968 500
364 146
372 186
832 465
592 79
50 939
545 828
434 570
998 367
389 252
565 772
515 717
155 841
618 502
635 102
523 562
840 23
699 753
414 655
204 171
170 931
705 370
921 352
881 292
558 1
362 492
957 385
255 380
85 610
724 209
979 544
958 195
833 286
559 560
701 442
559 260
206 390
127 174
977 710
999 322
569 418
592 943
957 719
795 724
620 582
119 268
859 48
522 802
983 68
159 67
430 919
574 223
288 7
785 707
195 284
18 527
396 587
602 239
753 937
980 648
187 288
480 264
721 657
540 402
431 166
749 261
237 394
691 577
524 936
650 149
396 557
45 591
281 67
85 769
340 258
335 164
622 661
643 884
391 15
144 216
660 24
141 20
486 544
931 877
647 14
367 176
128 173
211 295
990 676
260 401
884 1000
206 733
993 897
739 11
737 70
251 495
938 261
756 147
917 83
179 599
588 580
163 664
691 976
938 474
335 675
660 579
979 679
838 614
49 111
876 833
333 378
271 171
93 146
558 509
981 545
253 412
792 471
755 824
896 211
493 45
286 275
656 19
53 569
196 748
481 60
948 121
949 888
161 201
546 59
742 168
947 589
127 479
645 875
810 318
109 520
856 539
513 297
189 365
152 219
546 114
701 948
684 161
950 378
966 260
140 916
665 950
283 11
739 213
353 540
53 628
556 405
471 408
963 329
110 205
798 642
94 748
546 186
378 259
92 678
696 9
63 584
58 724
865 919
903 593
167 549
872 527
441 773
526 305
633 566
672 638
820 177
834 55
267 3
74 148
643 775
596 187
216 131
950 62
1 973
565 288
172 267
270 564
218 708
657 257
101 453
39 502
734 259
404 14
28 354
551 320
615 113
911 390
482 195
704 248
94 498
51 341
667 977
619 765
361 574
828 341
829 762
366 663
440 159
799 38
281 685
486 715
539 544
867 327
801 698
285 382
181 824
11 772
216 508
516 591
603 631
691 80
109 120
537 103
885 798
142 778
239 582
570 529
372 649
630 994
217 876
824 236
474 341
819 930
479 792
29 934
76 99
418 510
183 572
653 768
987 13
567 174
281 281
232 670
462 358
762 497
599 303
526 982
760 476
94 810
525 464
993 14
504 735
365 860
913 754
766 679
220 9
901 863
755 531
132 206
940 173
901 338
742 29
170 247
349 849
600 888
165 345
517 546
251 94
504 246
366 229
943 48
708 964
115 64
882 600
905 293
884 457
458 337
922 322
841 637
755 137
460 697
715 367
68 232
992 364
799 982
10 554
949 239
97 956
471 590
473 716
979 150
840 678
308 129
1000 468
831 818
215 270
688 137
707 677
474 922
668 533
886 266
258 853
475 504
565 604
644 332
460 394
343 111
421 896
385 902
914 917
191 132
661 998
199 474
338 488
621 222
115 477
49 230
889 417
934 319
926 936
30 702
519 975
32 474
374 675
196 589
679 97
573 877
40 19
437 619
443 508
126 894
384 32
260 437
363 763
337 272
861 613
32 777
463 286
219 901
665 4
376 521
520 926
70 306
638 243
318 949
859 708
708 224
337 43
164 275
957 823
665 14
545 717
992 985
247 92
76 866
328 989
859 782
875 381
990 591
89 561
597 902
140 733
297 422
976 633
899 549
250 240
745 823
861 982
985 736
451 205
182 342
744 452
144 617
123 325
576 72
974 801
616 873
596 643
489 637
2 454
558 446
326 339
326 757
948 803
23 716
264 973
414 837
629 756
947 533
60 192
720 905
8 552
298 579
398 241
33 473
459 30
962 58
437 364
883 486
891 687
310 705
344 543
615 899
795 481
952 335
98 59
972 398
445 288
343 327
527 92
604 238
302 445
601 686
972 630
637 764
542 441
714 466
841 911
973 572
277 335
179 978
922 162
477 507
127 303
211 98
497 880
903 224
8 591
296 397
774 6
120 172
488 610
239 171
935 171
902 540
584 203
327 947
927 616
225 499
771 232
706 479
50 640
926 602
509 577
516 260
47 191
63 746
751 359
65 721
236 709
139 702
72 487
514 789
637 298
980 300
829 103
705 282
734 801
500 58
409 765
799 830
739 790
614 554
621 677
180 823
14 962
363 200
865 297
447 892
921 979
401 592
224 80
482 440
207 630
165 90
880 89
383 424
863 479
338 72
639 7
693 209
217 709
143 868
774 460
994 421
758 865
213 492
618 391
778 692
35 957
150 592
949 456
222 293
646 910
247 80
361 792
622 556
599 331
46 976
469 492
135 11
456 141
20 557
429 417
813 555
381 239
803 854
653 854
274 769
676 766
208 357
854 758
484 948
558 440
554 78
712 637
251 106
900 822
944 485
262 664
151 24
122 211
655 497
340 71
710 73
822 556
626 381
988 29
299 691
345 343
487 115
484 732
664 519
524 470
32 273
736 738
700 376
692 275
815 237
134 704
725 904
495 851
424 803
965 631
631 87
340 181
602 443
652 155
707 870
102 586
638 597
849 122
969 829
57 364
470 55
847 723
189 827
987 320
78 946
429 321
629 676
244 78
30 922
230 184
280 306
606 101
950 109
555 436
160 478
117 777
776 665
866 206
753 733
447 95
306 959
578 664
463 549
28 77
848 364
292 726
563 751
46 532
613 372
939 804
414 908
770 144
267 799
620 692
620 26
205 396
21 518
839 375
346 14
808 799
652 93
259 288
240 785
580 131
943 80
549 159
1000 965
54 642
825 567
185 873
148 663
3 194
270 596
911 514
891 636
588 528
629 681
711 669
340 349
587 694
431 836
852 7
592 445
540 294
646 196
61 857
620 263
789 853
351 835
319 645
524 146
53 555
568 683
803 830
345 727
424 480
897 459
734 618
452 759
384 398
767 689
331 113
208 247
821 443
508 528
674 604
531 437
694 773
600 497
925 376
812 465
797 733
523 266
701 539
558 871
639 151
815 924
568 987
292 466
833 614
522 254
566 772
330 960
692 522
177 621
247 216
258 522
56 611
638 110
670 422
68 922
452 4
35 951
656 853
723 380
252 395
396 771
877 951
975 375
369 573
600 749
870 761
549 875
973 764
400 985
389 479
136 235
291 906
886 208
191 290
859 674
483 605
415 322
420 923
108 735
755 779
497 203
509 23
923 890
158 925
109 328
213 706
880 718
241 45
269 465
377 78
71 359
600 537
647 790
127 435
975 83
365 504
135 500
482 190
614 795
905 553
464 655
931 36
126 888
545 601
972 335
793 637
83 432
49 259
999 165
442 867
834 888
908 775
279 20
583 802
243 385
841 541
174 946
644 495
472 284
999 113
686 982
604 275
83 904
106 126
539 121
609 95
595 129
986 813
708 95
153 463
223 776
11 461
794 781
281 649
481 327
55 969
7 274
526 533
715 443
749 383
960 991
231 732
205 34
837 925
211 449
148 98
381 508
233 980
273 404
593 861
316 396
126 231
245 143
163 389
607 94
136 98
658 908
25 340
331 8
177 244
424 222
340 982
736 755
73 527
319 354
710 319
799 408
783 205
25 496
934 809
443 788
350 2
604 202
771 253
675 614
856 366
30 937
228 134
662 342
143 714
991 621
238 347
21 614
678 543
841 579
261 852
260 514
587 372
835 646
584 658
272 401
392 479
145 296
433 488
729 11
309 472
893 711
219 422
33 306
895 35
153 531
730 530
820 51
380 940
194 524
38 471
22 76
60 914
430 21
983 952
999 597
705 670
646 246
865 418
729 633
79 379
244 451
722 767
160 420
252 829
470 839
767 1000
449 987
400 316
384 590
306 360
811 801
822 424
181 60
390 677
48 614
993 955
711 960
944 808
972 7
303 836
490 893
464 633
500 731
49 344
300 493
597 917
977 122
168 369
983 350
132 650
306 846
801 465
517 23
130 895
748 299
746 605
243 217
300 671
229 584
570 643
174 847
6 284
868 140
900 686
672 160
328 789
499 476
540 431
331 450
474 826
173 985
200 907
212 6
313 476
47 708
319 937
273 537
487 744
738 612
477 786
883 262
454 650
615 628
253 57
428 374
293 532
809 920
53 187
314 970
641 886
30 429
13 854
130 293
68 317
822 854
295 939
733 84
338 478
330 451
264 357
933 567
590 889
261 25
117 136
992 135
433 64
742 983
511 821
76 424
11 767
252 52
527 427
633 30
551 187
64 316
929 685
754 505
563 261
54 770
869 480
915 850
773 838
347 93
233 283
908 13
446 90
880 996
696 182
692 607
979 351
717 236
709 85
374 688
182 916
446 62
224 621
831 559
401 428
1 211
215 395
149 826
971 250
726 954
870 9
409 725
552 173
117 22
479 154
453 463
68 307
323 466
786 427
615 419
568 431
236 342
206 450
331 442
236 44
522 265
829 168
772 555
978 465
444 590
459 8
244 292
681 613
903 969
743 415
703 744
39 881
512 529
105 556
284 632
677 379
344 917
498 367
427 436
415 319
366 785
30 123
447 978
561 517
992 184
348 957
788 74
762 408
170 224
444 972
434 970
188 107
636 3
407 761
408 69
57 315
319 346
923 814
585 284
423 249
992 506
524 817
658 647
501 999
196 968
211 183
417 434
683 384
562 750
427 251
247 451
213 650
867 862
430 518
134 815
824 428
53 835
411 430
60 778
435 378
43 357
955 681
702 254
615 46
270 787
815 896
941 616
775 926
431 104
971 191
619 984
512 251
89 832
150 737
894 838
962 645
315 321
287 245
628 928
380 529
964 741
897 165
693 17
971 629
685 404
399 748
476 241
51 240
642 268
488 349
246 257
220 764
800 882
132 712
296 301
614 86
648 848
764 822
412 946
772 962
682 7
661 554
644 455
245 449
683 451
741 103
629 165
470 76
671 788
852 814
573 465
144 191
30 417
836 887
94 703
936 553
347 220
537 836
392 86
17 648
591 378
466 987
25 608
195 896
82 994
829 394
120 952
311 82
42 947
566 827
198 163
385 46
226 80
992 39
883 970
852 899
916 85
833 412
702 100
761 899
886 16
26 993
957 278
519 186
225 643
237 879
672 36
484 94
28 334
765 511
722 494
338 589
893 431
832 32
304 214
978 243
208 603
896 215
215 142
100 203
669 804
613 6
857 517
876 995
526 418
692 592
904 680
159 259
270 436
355 952
673 938
395 3
314 222
569 407
379 966
834 266
587 738
738 285
853 985
511 923
74 513
449 869
506 467
118 303
370 344
220 979
760 284
144 928
706 742
907 886
356 560
764 689
32 962
825 464
951 45
823 313
910 351
321 834
244 442
36 830
279 1000
681 179
199 560
44 636
258 54
370 8
94 842
207 918
942 567
589 818
939 774
273 81
356 118
263 877
305 778
733 549
208 840
861 549
682 594
84 189
824 762
984 136
919 30
295 707
290 990
898 16
471 790
168 303
514 156
471 448
405 16
941 711
633 251
789 468
598 213
749 158
998 239
11 979
576 537
936 150
17 778
997 38
948 538
250 423
970 933
598 680
61 998
304 904
614 901
899 661
398 143
17 658
178 912
294 893
599 400
85 882
893 463
985 751
129 262
377 630
658 52
638 288
956 361
601 660
531 675
133 724
167 746
676 648
246 274
550 425
560 581
492 300
884 306
858 544
295 966
458 462
420 653
541 109
951 525
301 95
764 392
319 28
285 780
900 713
496 8
398 308
863 693
919 382
952 454
468 965
501 886
425 365
262 789
711 163
2 422
264 126
437 24
331 490
459 511
315 186
587 542
794 505
726 124
970 750
791 552
452 601
565 129
786 694
899 951
766 573
664 248
846 716
290 400
543 250
206 328
326 216
682 777
630 414
836 229
395 566
755 171
653 897
955 997
480 21
398 407
608 16
158 543
970 940
79 995
806 87
881 475
353 933
163 884
254 892
459 342
212 268
778 59
883 393
76 5
888 318
477 562
32 96
127 294
194 196
456 326
724 878
920 684
319 47
441 172
807 970
119 546
394 603
431 85
587 492
323 996
198 14
235 308
947 176
144 371
680 871
673 836
350 307
41 359
286 881
592 188
12 26
925 100
185 791
853 404
599 471
717 311
998 223
28 47
900 325
668 568
800 346
63 753
223 449
885 880
48 727
220 128
602 649
673 746
621 941
466 101
110 310
838 579
452 687
708 586
503 827
992 859
256 383
692 962
595 21
579 107
642 814
416 133
787 154
846 62
578 287
913 163
361 4
41 378
291 697
182 54
760 397
159 678
338 683
853 307
479 963
836 891
687 712
546 999
365 355
40 893
595 747
254 691
854 758
386 769
744 137
344 929
700 264
54 934
124 123
670 38
750 350
335 902
949 179
661 960
572 765
692 531
301 123
444 272
640 824
326 100
519 587
725 87
670 768
704 591
344 914
892 49
556 387
822 638
14 489
557 950
922 583
766 780
724 205
193 350
523 885
977 567
947 116
409 426
658 304
386 29
834 156
745 360
893 93
597 576
135 280
54 685
637 339
153 852
259 349
32 762
355 314
94 222
258 78
488 56
556 309
15 92
536 493
794 278
190 777
145 857
260 460
916 760
624 918
442 311
472 541
597 559
365 26
170 860
414 439
606 285
41 715
44 280
492 922
692 575
890 427
909 987
25 919
699 339
287 67
988 609
789 882
828 353
452 987
48 879
308 26
159 524
932 613
813 613
163 109
633 928
565 847
390 683
953 558
943 443
375 215
948 37
847 377
729 5
220 831
309 249
832 195
639 113
41 40
181 174
145 348
527 76
859 456
736 301
617 462
476 827
987 430
373 553
434 381
640 367
162 82
764 408
526 318
707 777
925 560
432 569
738 186
992 599
129 555
838 349
413 145
879 575
47 923
28 960
153 233
533 129
577 785
130 430
753 495
93 576
51 616
459 224
385 931
834 6
506 195
92 959
705 605
2 172
48 979
340 93
970 843
764 785
405 432
402 600
694 35
658 192
759 797
106 552
499 187
695 493
546 206
904 182
472 269
890 638
440 146
650 645
303 583
441 171
795 307
521 139
681 156
278 791
117 866
496 550
268 22
485 71
174 485
443 672
272 974
683 903
525 555
833 228
61 359
8 290
525 477
626 97
830 520
53 433
610 188
986 956
440 296
39 256
745 919
731 591
275 26
641 29
875 27
166 910
983 296
685 426
521 147
306 527
776 866
180 56
793 439
987 967
443 790
88 772
407 854
748 265
46 406
265 588
436 486
29 919
347 535
996 608
219 656
493 520
524 182
901 155
78 711
656 339
832 843
638 40
285 903
569 184
748 295
589 775
510 455
737 3
907 935
226 935
317 305
534 114
414 96
421 883
62 439
972 100
780 627
236 400
661 661
591 497
315 32
466 578
773 275
270 254
684 364
369 908
149 954
785 880
130 685
249 510
403 780
276 413
779 802
597 230
933 989
129 520
765 925
781 306
635 158
721 108
802 778
534 210
22 614
267 45
68 447
499 192
420 921
843 292
441 932
831 625
505 675
700 785
655 26
888 778
246 739
454 585
352 589
261 85
885 762
136 343
687 868
225 788
762 675
566 756
569 805
773 322
563 491
732 816
29 347
809 863
993 935
576 168
724 178
403 690
612 530
923 272
688 679
517 118
571 766
432 248
976 754
459 479
449 152
899 497
626 509
530 212
832 406
251 223
768 635
922 332
210 898
593 518
411 820
524 443
714 341
942 206
106 765
765 828
198 206
952 168
228 882
953 989
8 43
69 752
41 118
255 760
152 781
773 171
764 583
243 86
387 942
196 416
571 284
535 779
623 531
157 793
677 944
872 911
283 291
967 696
922 206
183 433
475 991
396 532
614 972
629 99
970 634
805 995
87 706
765 275
382 457
534 727
98 586
845 109
936 82
112 107
753 95
724 859
360 38
753 365
879 544
725 495
428 200
421 747
321 139
851 813
481 45
712 504
254 692
922 420
608 659
769 29
976 37
436 27
978 740
833 250
313 349
169 926
372 594
905 492
494 860
317 991
460 562
567 510
287 970
141 199
449 259
337 202
412 853
137 492
502 445
607 815
593 825
763 154
374 517
293 722
890 975
959 53
657 533
894 38
591 641
121 450
646 29
593 766
705 561
985 323
302 7
896 583
266 727
969 697
127 980
868 41
417 730
989 930
766 106
161 284
891 731
121 834
483 215
104 845
618 975
623 459
16 412
351 704
178 363
814 607
722 260
922 821
78 832
779 962
438 284
478 901
991 638
155 506
373 170
144 75
677 2
846 537
872 8
497 477
171 817
886 295
611 201
676 233
310 660
309 274
381 184
862 315
14 645
314 151
238 349
717 363
652 318
772 279
344 609
354 169
970 230
876 685
743 918
238 371
949 93
511 181
792 914
327 954
790 244
98 476
469 762
212 3
580 455
979 724
598 481
709 689
819 308
966 406
784 136
371 925
287 76
21 791
90 197
149 368
313 767
494 198
147 470
145 549
257 961
865 417
677 348
974 250
929 249
167 309
5 275
192 957
112 894
180 509
839 846
171 824
116 986
340 375
630 732
967 407
870 105
561 452
777 448
154 662
761 704
635 87
815 946
952 981
963 816
734 210
420 624
374 638
787 858
319 886
457 706
58 347
744 465
63 417
199 351
821 146
224 581
54 567
803 370
472 34
189 852
200 323
772 257
586 389
673 641
667 60
312 41
687 918
867 183
630 755
210 269
722 474
703 356
156 993
726 199
364 816
514 960
54 803
427 179
977 571
443 701
852 111
967 976
434 84
955 462
452 6
534 943
453 106
613 218
33 690
859 204
182 811
814 759
861 383
21 378
778 954
85 961
902 555
275 785
526 513
932 658
708 679
864 713
835 478
285 73
49 117
791 374
573 319
997 341
767 234
799 979
63 615
563 113
133 531
791 969
472 745
129 568
418 705
995 711
872 281
450 39
544 607
925 872
787 744
626 487
122 608
652 378
748 214
393 833
157 531
800 507
883 7
847 482
98 65
579 348
527 489
297 327
786 139
297 760
268 218
282 783
736 318
576 715
734 931
58 974
418 264
320 844
964 857
746 614
568 401
204 517
805 368
646 837
123 93
711 336
261 592
497 747
806 527
943 729
657 10
275 834
768 517
461 536
174 578
302 582
440 512
795 789
53 596
52 389
271 746
228 724
466 120
963 142
369 399
22 289
440 607
984 523
275 30
106 90
334 997
927 624
814 952
282 330
852 471
792 547
450 501
858 785
214 36
243 172
580 227
720 318
807 62
781 452
256 848
708 711
495 304
912 47
190 445
544 453
86 414
663 604
120 403
800 843
789 762
646 129
882 175
873 270
947 195
838 161
1 791
598 643
590 205
742 927
236 59
830 957
413 269
659 42
918 383
95 350
805 964
136 657
425 573
702 234
432 897
614 278
435 349
516 602
510 161
173 997
588 199
242 36
40 537
584 163
614 901
317 701
255 223
333 65
291 3
34 953
345 750
298 919
946 705
954 975
836 16
385 715
986 757
399 567
657 467
132 594
501 154
789 117
449 503
680 267
278 981
713 165
907 820
446 705
611 868
605 758
236 926
901 535
19 559
913 849
556 850
481 499
447 897
827 137
559 352
55 877
613 910
1000 43
9 248
293 87
1000 244
256 37
105 999
470 812
273 276
301 192
510 25
540 490
265 23
819 422
508 838
356 994
147 810
449 894
360 255
325 180
158 372
103 942
159 455
176 446
505 373
102 13
355 164
889 828
509 695
562 520
853 749
316 846
622 606
82 779
723 395
864 206
738 977
438 469
283 202
215 169
87 480
88 255
566 134
475 971
593 349
659 51
222 176
866 541
217 725
975 638
63 537
459 192
486 14
938 775
497 763
791 321
544 561
623 24
779 109
552 421
919 254
363 930
153 69
556 259
824 780
250 850
359 269
458 879
896 912
734 368
124 32
971 515
126 674
760 125
543 275
178 21
332 638
772 994
573 222
116 613
439 502
201 661
160 843
560 645
906 458
86 684
841 75
128 489
774 610
654 769
830 478
262 679
461 799
292 790
532 481
63 38
793 295
287 752
694 606
675 528
530 696
727 430
107 122
282 913
285 858
605 409
19 776
648 127
444 719
927 179
234 80
169 465
108 860
321 378
940 452
397 962
10 7
732 315
534 783
733 910
637 56
954 217
643 414
723 873
911 2
999 989
516 200
21 268
971 840
49 413
502 568
979 729
16 842
673 487
456 623
484 292
996 360
880 924
713 932
796 306
265 35
602 703
774 309
809 131
690 208
405 965
737 797
552 400
718 110
42 765
202 910
12 927
164 452
835 15
938 166
863 44
293 62
283 686
995 67
895 952
829 63
153 80
441 304
266 860
442 102
324 122
643 360
993 883
363 323
935 278
41 96
32 277
793 472
886 86
71 782
324 680
216 242
959 472
329 606
323 919
127 70
506 769
245 713
391 341
219 430
449 652
971 101
931 568
624 828
800 147
791 202
948 712
783 99
461 825
837 89
456 247
728 459
128 88
876 301
730 816
618 699
316 902
988 675
643 369
373 582
764 328
295 379
890 683
527 161
806 9
714 718
189 614
843 320
827 457
245 559
373 744
114 86
692 472
566 340
870 932
454 883
806 537
506 165
451 421
946 773
134 610
580 465
886 586
491 442
526 40
19 421
285 137
377 378
710 517
72 990
854 166
454 599
426 284
845 723
531 346
661 501
298 40
926 870
886 878
900 660
493 362
587 1
686 951
322 571
316 770
540 947
295 129
681 605
573 179
803 731
734 678
508 5
53 905
789 201
426 270
393 235
676 187
313 761
60 174
976 590
277 691
342 801
383 587
498 121
442 658
153 239
272 37
107 824
899 343
452 221
110 543
856 1
440 655
96 535
354 571
209 6
954 987
499 738
400 199
967 423
662 815
426 580
620 612
911 834
745 582
584 912
998 91
836 405
932 145
116 464
366 144
904 215
369 423
983 987
271 65
219 956
243 444
507 174
735 310
74 368
810 171
756 613
653 976
409 136
500 678
66 497
778 19
985 486
757 514
557 536
400 853
730 4
271 93
719 545
485 535
161 357
818 714
877 895
160 576
19 656
37 113
510 604
739 335
256 422
682 586
74 957
727 96
608 985
765 439
971 425
362 595
968 621
965 695
231 27
43 993
502 601
537 703
139 54
684 800
608 580
244 177
545 917
967 548
385 386
930 958
170 474
634 974
180 517
176 693
669 814
210 574
678 678
775 852
806 154
107 722
695 387
968 923
318 446
717 591
753 528
760 574
33 384
128 404
143 745
950 745
299 970
449 780
463 323
424 947
154 758
514 994
856 216
417 861
847 587
93 172
804 577
965 658
644 303
233 394
887 923
627 799
902 524
595 877
509 957
938 33
972 181
334 850
383 814
435 723
685 399
235 551
694 329
317 543
406 290
401 146
142 610
763 962
378 808
198 383
644 719
647 442
143 530
66 880
112 833
539 361
551 1000
107 348
387 282
834 961
451 447
107 402
18 223
811 791
106 826
75 812
24 621
262 153
24 803
620 567
871 126
804 994
959 704
584 703
656 803
290 11
144 960
725 909
325 864
262 425
266 213
801 346
734 644
760 932
66 738
654 435
552 616
314 699
809 860
711 597
807 317
304 986
577 699
793 111
501 576
448 413
311 759
75 396
264 672
867 540
922 445
757 320
39 516
882 311
258 432
300 240
133 142
353 313
977 906
852 340
292 36
454 383
285 35
948 791
571 835
626 272
979 134
573 834
760 709
142 35
997 216
123 574
86 106
15 950
53 90
322 1
336 911
387 403
815 940
17 157
123 644
961 258
842 922
762 126
280 311
276 411
7 864
967 226
303 740
248 946
840 183
758 312
684 774
355 892
82 728
166 219
525 980
877 150
243 333
375 479
145 271
288 819
364 244
934 592
226 328
784 116
359 317
342 807
795 740
267 167
681 625
743 758
835 721
105 882
841 35
954 392
256 144
20 918
983 552
778 28
228 170
313 686
493 800
740 329
723 773
517 831
649 476
527 73
946 926
337 552
160 520
277 263
377 334
790 217
12 56
775 35
218 592
337 773
495 780
21 26
943 14
207 321
325 925
427 648
527 816
849 524
653 311
412 304
800 494
993 167
160 55
3 439
502 387
963 308
120 332
68 662
899 898
357 369
954 968
783 303
316 690
118 116
420 934
901 893
578 516
922 93
319 363
8 518
733 201
203 952
333 478
159 514
194 878
889 490
843 49
175 210
527 617
123 546
888 183
586 875
665 91
76 999
532 294
140 579
220 285
334 533
825 861
744 584
330 933
209 41
133 636
711 214
114 784
53 722
854 976
400 807
282 807
571 616
499 405
265 18
613 4
455 231
273 524
748 462
958 755
712 778
715 581
58 477
691 139
286 641
593 907
867 516
186 868
395 165
834 461
555 247
798 961
946 105
761 1000
791 679
570 413
131 857
650 199
605 805
308 695
724 619
109 109
839 486
859 407
760 58
146 904
552 854
433 984
236 736
828 973
316 935
594 462
812 633
662 656
828 569
643 247
154 140
328 155
431 849
507 900
303 186
186 83
754 4
180 158
168 783
38 424
481 602
202 779
129 142
258 898
211 789
290 392
373 591
771 383
841 145
188 46
379 578
619 50
678 699
578 639
626 659
284 755
776 260
6 527
286 142
578 419
597 581
871 29
823 561
613 574
231 802
124 585
209 694
644 872
904 937
70 405
54 192
794 771
398 162
762 862
141 123
684 45
687 758
189 330
46 910
24 564
630 865
13 690
763 497
111 931
532 441
518 94
641 737
931 971
422 502
778 533
436 185
809 613
965 738
495 492
110 33
712 92
361 960
229 644
911 112
664 966
277 623
669 878
990 171
163 177
246 958
218 216
86 294
767 135
363 23
627 134
89 623
538 540
669 813
447 579
249 959
860 812
976 607
710 256
625 106
544 472
664 565
110 505
823 740
258 623
173 864
484 117
717 731
665 655
343 827
430 132
723 417
182 187
841 478
431 768
702 265
931 827
681 343
11 182
668 175
325 929
230 665
270 428
357 330
906 872
529 494
88 522
931 675
43 269
308 54
163 451
74 437
323 160
253 192
611 779
280 317
541 481
107 710
300 784
37 472
249 461
791 299
680 74
572 401
199 871
988 77
630 620
672 954
625 249
352 773
707 291
607 863
461 387
168 139
404 931
994 57
169 72
175 204
409 103
746 414
869 406
327 622
44 400
908 323
20 443
133 656
111 618
246 740
218 138
633 197
297 388
495 328
774 766
283 47
57 542
298 903
89 900
599 389
585 874
27 445
341 691
849 703
571 613
968 902
495 572
617 262
903 580
64 146
253 683
240 399
699 745
55 568
528 54
321 998
185 686
360 52
995 835
144 173
340 503
497 58
473 947
718 324
482 241
986 986
634 947
610 336
523 111
933 548
662 696
888 974
752 969
183 251
720 352
222 62
692 924
157 716
915 765
626 530
686 95
856 957
144 274
85 30
973 153
897 872
526 221
554 791
754 958
180 647
760 702
454 118
505 625
713 495
522 460
937 180
791 385
174 543
164 588
652 61
988 174
822 856
237 195
1 39
427 882
804 452
480 768
510 321
725 833
488 952
426 189
401 982
265 515
632 531
441 157
420 329
38 199
400 447
862 173
130 921
639 816
650 229
27 156
680 916
549 945
382 834
62 732
188 677
976 586
275 798
124 904
273 447
134 810
483 450
638 854
681 409
10 588
618 983
38 333
25 497
198 876
999 91
18 949
128 403
272 57
522 628
296 203
71 378
584 482
100 932
72 236
713 627
704 243
905 877
965 982
196 838
450 975
488 309
611 892
551 494
405 292
417 113
682 713
609 318
952 628
389 698
745 849
392 459
589 424
610 893
163 797
63 990
375 117
788 316
901 581
45 305
476 416
36 104
205 221
957 63
122 747
397 464
644 466
456 574
477 616
233 168
421 588
436 957
759 602
944 397
27 28
584 528
775 457
304 173
366 140
493 913
147 220
117 394
606 667
462 614
972 190
602 693
654 968
712 816
496 419
62 540
338 924
794 599
595 393
136 366
472 170
734 120
493 970
883 635
234 336
597 329
751 958
818 862
762 221
615 825
21 291
100 485
77 931
720 714
788 551
401 845
280 195
915 281
205 417
650 512
869 21
731 50
448 165
684 144
639 391
36 566
1 815
293 859
569 35
614 814
87 188
981 798
66 955
658 566
391 598
326 532
203 166
218 109
388 886
860 262
518 690
613 953
730 194
710 2
129 49
976 709
286 734
418 943
825 470
925 677
511 572
300 532
719 967
111 718
752 502
207 134
430 458
412 872
59 656
97 752
306 586
217 941
430 384
707 226
17 352
289 617
345 56
527 44
5 988
662 378
46 224
496 81
744 107
526 558
448 174
908 151
791 816
926 721
804 527
29 963
791 237
970 430
650 989
835 559
74 48
227 635
131 769
795 286
827 81
830 431
612 215
267 308
181 712
811 13
90 830
466 160
103 793
643 649
364 919
68 907
258 801
521 303
860 827
796 975
137 23
426 32
413 40
352 106
943 774
188 182
229 562
121 91
908 863
914 108
44 731
631 873
816 537
981 561
955 349
816 609
262 219
116 403
918 844
657 598
234 829
797 294
386 742
267 608
955 413
609 181
143 244
167 240
361 613
771 701
990 432
514 231
279 815
569 398
539 687
673 140
33 27
217 699
131 134
445 637
703 493
853 670
679 287
216 226
104 346
783 927
303 978
158 982
631 320
701 556
992 566
565 79
313 603
965 975
870 407
948 275
733 660
33 773
890 863
727 123
570 226
44 203
428 951
849 426
283 883
147 961
553 972
143 484
342 840
725 144
942 20
939 985
336 230
67 701
26 384
655 161
18 906
936 990
287 562
637 39
151 434
17 785
506 358
789 551
203 696
77 433
670 874
439 249
5 815
909 779
244 887
124 846
501 94
885 378
774 87
368 400
750 562
25 344
111 271
307 979
860 21
248 247
164 556
955 504
583 755
956 441
829 887
618 543
166 145
984 877
580 531
542 713
476 471
152 195
60 155
315 917
494 213
475 156
98 718
555 546
539 830
988 764
96 885
86 823
842 937
788 186
220 513
713 976
694 853
145 852
229 119
819 169
269 994
626 390
678 685
643 314
84 276
112 193
208 844
131 51
740 545
687 973
204 598
919 359
624 791
602 385
310 718
718 378
132 921
489 583
523 964
543 749
415 617
142 443
915 152
653 910
865 20
747 402
95 661
932 410
277 747
965 93
107 61
849 69
992 542
268 789
717 808
124 670
911 912
784 126
27 502
633 182
653 344
781 438
481 178
890 63
26 699
271 356
712 167
966 718
924 165
390 747
743 972
949 82
641 63
99 566
46 418
529 93
667 399
353 67
22 74
7 752
554 245
220 162
329 409
147 736
461 226
692 413
807 709
343 261
641 288
123 560
415 182
844 159
471 14
186 63
105 672
814 345
218 91
288 324
179 909
947 320
206 672
394 992
688 885
628 395
738 905
331 30
274 640
867 786
262 674
573 381
344 968
723 648
789 747
590 444
32 562
275 266
532 597
564 334
518 171
58 823
448 332
880 702
602 116
892 928
972 701
886 969
918 359
427 247
720 479
475 800
237 409
558 225
66 939
909 789
669 696
845 886
880 102
318 946
933 133
498 293
892 4
681 215
111 521
665 938
974 300
995 915
926 648
792 186
333 680
875 471
225 787
175 499
302 691
17 888
86 495
465 478
306 458
666 692
47 264
537 551
252 926
458 233
568 643
885 673
1000 454
64 930
198 869
166 915
309 647
613 571
305 351
893 527
347 37
148 298
970 843
367 640
262 113
619 414
125 965
714 521
448 418
745 825
624 748
909 634
826 62
629 608
178 840
115 668
323 928
461 647
964 467
280 697
439 728
492 559
747 634
586 95
609 73
665 225
179 819
568 19
592 115
463 257
493 670
814 696
749 807
455 198
977 742
271 655
419 329
903 942
748 495
473 470
646 37
78 692
491 127
700 364
132 780
437 620
990 870
474 720
614 397
622 691
989 848
640 830
255 287
209 665
846 791
243 372
315 251
722 456
436 827
676 838
265 892
571 795
753 764
796 904
49 480
456 274
20 691
864 994
383 717
925 586
739 823
957 298
941 902
186 311
610 196
92 176
452 974
535 396
274 994
439 571
419 242
799 519
338 574
938 942
742 609
457 175
1 210
866 351
1000 652
761 607
81 284
577 956
624 600
491 546
141 255
735 310
631 376
721 246
508 946
810 895
184 213
279 404
722 124
887 133
391 416
29 723
246 826
525 86
498 980
596 770
118 412
617 844
626 574
263 644
44 909
468 985
90 6
332 91
244 594
718 577
191 262
936 407
683 728
239 948
781 855
390 718
369 455
383 498
696 304
368 268
503 339
101 279
32 192
628 873
105 663
29 326
35 753
311 536
173 338
744 264
862 965
613 843
666 723
575 20
668 154
375 266
121 695
520 246
181 72
842 635
543 31
695 746
519 758
166 264
584 372
261 751
633 466
844 558
981 661
573 869
922 992
287 666
999 629
881 49
118 839
347 492
873 551
161 838
161 522
785 901
401 75
411 84
201 578
864 226
990 208
171 995
47 806
85 240
779 866
429 285
438 252
708 127
106 739
37 849
442 511
659 634
418 507
358 644
90 769
21 163
978 9
127 831
439 600
93 840
226 121
662 958
114 834
726 571
288 718
345 717
537 330
338 163
489 134
344 986
273 691
783 357
931 963
972 904
597 265
874 255
649 462
883 784
541 301
608 305
654 956
769 807
463 719
344 596
192 666
279 332
986 595
242 844
166 594
559 16
13 383
466 536
402 542
621 494
156 304
613 838
680 897
775 306
331 378
361 305
444 651
246 540
840 927
505 565
200 355
411 676
644 420
375 791
523 732
98 708
514 321
344 71
194 626
641 491
87 287
859 935
626 444
825 46
664 729
393 114
315 153
268 647
86 973
750 560
214 77
749 920
572 690
550 822
672 131
578 254
575 442
312 424
460 409
877 936
877 823
854 329
396 873
734 382
982 518
538 655
113 148
242 932
910 857
427 345
61 711
695 718
512 494
405 890
416 135
949 324
412 571
964 525
32 6
653 581
841 276
705 176
334 774
213 229
691 112
546 923
679 466
130 544
726 289
718 408
393 65
501 878
352 586
422 754
825 220
222 95
618 753
789 880
963 501
843 574
607 892
8 176
633 40
433 320
412 933
967 822
42 132
233 763
934 840
985 476
685 616
140 497
470 809
875 57
843 808
391 412
631 113
386 621
375 391
928 625
78 544
451 880
969 467
990 495
209 785
617 952
798 342
428 935
920 882
903 785
921 984
982 147
47 227
890 876
133 216
505 848
857 172
336 26
968 338
527 686
606 585
242 288
810 8
816 468
309 191
981 147
563 660
50 998
50 558
924 779
712 361
946 377
913 574
264 649
93 54
448 459
24 172
88 858
275 524
510 989
785 348
448 531
44 757
281 18
741 357
678 252
522 173
350 415
161 50
159 632
459 443
894 827
772 5
630 129
559 854
282 270
630 4
349 437
255 849
910 979
459 846
874 269
152 297
874 7
790 532
883 531
526 59
971 369
221 954
129 921
881 417
6 538
659 661
784 526
186 371
870 492
976 268
29 273
534 312
168 685
35 224
790 238
417 804
70 651
472 229
301 558
228 657
464 534
714 993
485 360
128 752
299 282
330 986
923 805
224 102
942 436
813 714
77 325
122 82
320 50
89 796
990 852
886 899
227 206
591 397
976 801
29 347
548 985
562 485
519 123
578 240
575 185
255 638
156 580
324 904
295 333
971 777
144 688
234 370
643 477
591 517
436 388
205 345
538 932
703 578
695 737
281 577
96 240
102 535
927 463
875 410
446 814
522 505
158 844
643 922
965 896
22 174
670 133
492 69
922 984
651 51
469 337
471 670
508 420
645 891
786 811
843 52
593 194
548 345
45 198
111 808
388 875
519 274
370 192
774 899
769 881
58 525
750 769
873 706
943 338
233 252
8 811
440 772
932 820
330 915
673 329
985 911
68 289
655 941
484 2
990 1000
107 754
361 100
286 36
692 450
53 358
269 240
150 523
342 19
20 913
610 852
661 913
373 684
458 431
785 517
879 533
762 311
170 400
507 380
960 470
634 209
43 819
182 169
544 727
593 183
756 925
688 151
463 594
295 778
913 80
833 661
56 535
678 997
620 63
429 657
409 940
352 171
420 478
183 732
625 555
677 211
937 28
15 754
97 161
979 198
917 57
893 609
27 483
716 509
716 738
83 638
390 920
179 597
92 914
293 885
63 508
638 820
493 865
324 176
368 552
381 91
154 62
830 660
316 997
169 699
614 174
304 689
296 720
925 730
703 268
212 440
900 956
480 181
614 376
242 564
792 413
17 301
157 235
771 819
183 193
809 12
47 95
752 557
198 47
516 142
386 128
751 921
21 921
391 803
311 519
798 396
596 179
963 673
377 299
749 131
895 851
608 19
361 584
616 373
18 489
34 518
976 506
467 68
758 150
767 632
685 128
299 226
785 414
703 410
834 355
371 998
537 647
186 517
819 286
292 270
938 394
69 926
422 853
259 604
690 711
301 427
411 736
510 564
36 218
73 540
76 214
343 369
33 370
571 653
838 948
455 437
184 438
415 344
230 630
651 359
422 832
163 46
389 290
667 332
486 756
533 788
476 610
533 144
411 495
152 279
448 655
70 140
392 633
318 219
294 616
152 55
255 69
70 829
967 11
860 623
830 38
479 30
725 648
34 743
818 338
11 504
92 995
716 488
64 40
125 912
993 848
406 530
702 259
922 620
326 319
80 857
943 830
755 493
187 919
337 10
651 735
33 819
934 916
445 989
642 566
239 301
12 522
200 250
874 260
844 152
269 785
673 838
460 863
798 613
931 473
559 813
507 74
927 613
114 517
199 831
931 159
378 862
745 578
435 500
973 614
982 261
344 806
651 202
546 525
810 634
728 883
736 147
763 23
607 481
373 827
675 33
727 399
825 837
534 731
538 996
253 916
413 869
427 706
235 648
253 804
796 385
678 176
575 418
642 611
486 404
162 921
80 81
362 242
584 721
303 833
786 150
92 234
214 750
763 208
773 214
832 352
512 686
801 181
561 628
482 185
377 72
14 620
544 834
943 220
699 51
854 610
591 654
526 597
523 292
635 341
956 86
232 565
683 875
14 598
769 919
552 245
578 196
267 936
831 399
156 146
357 177
225 496
932 488
145 687
242 970
383 4
469 294
250 376
671 679
608 110
907 677
376 339
823 841
647 392
442 157
923 215
460 335
803 504
589 288
359 94
549 956
460 323
467 456
455 708
529 299
467 634
181 219
646 239
402 518
86 746
572 929
760 854
27 799
209 61
391 914
709 876
226 135
885 364
11 945
542 405
854 685
252 214
856 453
598 237
209 884
322 519
66 405
161 197
774 248
69 652
965 377
63 927
387 606
574 587
456 870
90 767
496 489
502 206
307 831
675 202
494 201
473 814
168 262
608 831
177 483
373 249
988 323
905 354
558 246
419 717
911 353
694 150
717 434
469 477
623 213
954 272
359 112
782 761
729 296
570 769
240 246
125 135
992 978
54 122
846 514
169 286
3 103
871 694
967 732
461 839
539 963
263 261
551 166
213 197
49 295
179 157
623 109
647 523
484 547
884 193
414 799
427 954
657 164
729 596
412 668
267 834
568 381
949 636
641 22
243 501
934 119
535 209
10 971
417 969
109 667
909 876
172 879
861 556
884 11
359 915
655 469
202 408
333 815
50 265
219 637
419 894
137 572
754 464
189 644
598 172
822 172
525 64
923 409
348 817
177 834
239 278
979 643
422 5
172 68
864 96
808 894
953 140
456 593
231 918
76 333
475 873
571 171
938 872
863 678
747 252
379 156
867 123
262 11
564 479
345 898
228 190
100 509
137 578
135 372
299 247
748 89
162 300
530 316
526 400
299 996
782 275
399 292
952 478
930 256
999 719
753 971
26 741
562 735
200 397
97 943
562 487
471 684
217 896
124 490
775 652
13 239
905 599
401 96
241 929
413 711
827 340
960 396
269 459
416 335
521 585
91 64
159 570
282 755
355 194
440 811
383 296
840 938
857 95
892 402
140 785
874 363
316 16
89 473
771 875
281 953
697 881
936 641
712 853
25 841
589 950
359 114
770 569
656 617
449 693
236 543
675 827
789 504
895 824
544 310
750 473
841 218
962 2
701 479
303 907
641 627
362 735
320 218
710 90
473 129
269 686
711 211
11 954
513 843
591 704
546 367
779 585
292 478
466 568
557 950
89 303
44 260
102 314
917 145
53 638
287 589
850 29
742 18
904 610
228 960
800 99
971 456
733 864
934 272
788 894
397 442
242 15
127 873
181 530
66 177
940 491
686 905
586 199
991 832
590 103
801 929
134 486
878 781
674 520
123 548
589 601
889 439
165 751
591 940
532 405
724 103
511 956
26 906
404 832
558 345
840 221
396 588
542 725
640 322
420 143
847 94
519 620
588 561
159 257
894 28
134 316
806 191
225 934
199 875
649 492
86 809
339 337
169 261
227 299
940 666
72 928
718 475
728 837
842 756
948 266
689 187
343 990
965 933
208 323
617 817
143 702
940 75
763 341
356 479
825 621
711 539
874 783
292 943
740 718
456 635
600 703
485 333
443 157
621 509
846 289
660 183
752 811
35 45
460 127
97 278
325 798
196 959
5 256
749 445
349 171
682 20
479 531
28 926
559 134
849 923
656 594
820 442
771 174
688 698
610 362
708 23
778 539
824 324
735 687
365 441
177 209
435 977
420 866
868 387
862 669
821 787
106 36
309 53
281 524
414 421
392 106
873 101
516 984
670 596
610 720
713 799
659 20
135 719
645 136
392 1000
309 349
751 481
55 186
828 172
104 193
506 107
987 851
748 373
104 617
99 476
715 448
691 628
808 960
827 939
356 41
99 367
318 747
144 792
509 400
35 524
603 632
96 8
583 921
337 562
904 513
570 88
261 674
64 484
762 952
347 167
853 618
891 302
927 658
806 990
982 731
887 816
718 790
811 824
807 353
372 160
978 317
216 532
246 346
124 386
703 753
754 56
150 157
882 505
235 23
205 485
423 749
916 636
342 375
511 623
577 965
114 740
538 88
825 68
88 756
732 986
19 862
405 386
153 880
462 547
975 518
232 763
859 572
191 877
382 86
857 49
367 971
61 257
786 455
760 700
744 724
314 65
664 524
359 105
891 998
706 128
541 306
572 306
896 907
810 527
986 568
532 938
550 534
586 228
672 710
177 447
690 86
595 362
132 671
765 688
600 699
34 341
515 113
388 255
528 246
674 932
175 497
78 646
98 402
365 80
431 376
121 131
490 223
988 441
538 323
466 477
372 819
225 965
165 564
989 78
976 25
308 491
391 332
80 433
462 252
195 897
820 75
140 674
123 186
711 3
278 971
771 35
850 379
789 13
549 802
274 307
76 40
730 213
280 854
736 726
824 990
254 228
250 744
909 330
362 571
930 115
677 252
668 597
544 453
281 360
977 653
920 770
519 72
258 608
862 659
714 979
290 294
995 580
485 814
25 773
91 694
911 190
962 305
736 81
536 375
217 866
580 482
475 886
342 115
534 31
395 494
385 514
97 935
239 150
905 247
675 360
138 695
500 639
545 15
211 529
54 156
401 48
651 604
710 573
630 879
196 927
181 612
362 504
945 340
132 365
442 367
16 127
50 466
667 627
79 642
394 770
552 184
493 885
224 264
421 394
576 127
526 75
751 144
696 993
629 468
840 125
957 564
315 670
865 44
786 92
183 741
856 624
936 719
993 310
185 346
597 136
531 399
634 968
518 312
496 161
922 328
165 155
5 584
673 641
689 879
459 873
949 69
106 559
555 381
705 110
434 421
570 580
114 523
619 657
884 893
797 60
988 293
129 698
455 896
805 476
926 169
540 740
341 182
588 547
501 254
377 106
941 110
647 579
1000 391
372 731
575 182
388 166
103 112
718 31
661 287
940 459
502 229
408 57
148 500
489 424
962 335
821 572
448 721
80 791
506 48
907 648
835 957
520 939
263 235
186 373
917 402
833 58
188 815
619 76
237 586
998 98
21 131
153 811
934 977
643 789
300 689
19 319
82 887
702 143
631 860
687 392
627 941
361 428
987 27
576 722
364 244
198 964
84 830
921 792
140 955
521 297
969 509
240 33
498 656
322 749
988 150
3 333
49 259
64 79
48 438
629 958
45 312
174 764
41 284
297 177
100 755
544 911
847 818
13 180
710 459
575 379
130 893
361 791
661 689
320 165
854 578
725 885
813 80
217 292
601 249
805 186
436 860
836 659
504 812
512 780
650 877
353 619
285 806
172 723
306 330
536 299
595 765
252 234
887 416
908 18
175 274
170 894
63 699
152 280
913 797
28 500
739 873
845 755
112 83
98 548
388 900
138 637
697 282
438 834
159 110
282 552
465 377
346 441
842 651
353 52
405 138
61 272
68 468
799 613
905 266
262 671
24 585
459 71
245 789
470 584
202 612
408 747
361 716
674 368
520 330
91 330
114 56
223 317
505 834
442 118
74 982
36 871
233 85
318 701
619 554
50 824
163 302
345 335
900 350
215 398
37 882
688 341
210 922
486 598
375 118
826 314
191 891
384 800
571 997
431 227
15 854
901 439
742 617
978 24
773 923
147 759
293 159
999 642
754 988
710 95
889 582
604 93
614 749
533 127
27 861
283 861
132 547
955 352
479 529
710 434
890 983
467 304
573 150
634 526
382 498
811 157
155 331
156 747
714 896
41 839
948 201
470 399
392 767
608 944
291 946
258 305
901 862
692 405
784 91
989 739
970 584
41 963
585 204
389 927
526 344
999 900
122 340
803 276
21 541
704 970
669 871
786 673
891 957
448 816
594 730
125 806
137 843
484 182
104 539
780 967
639 290
819 603
57 451
295 786
79 769
368 346
73 725
489 837
992 214
189 151
847 678
662 363
952 101
848 513
771 269
308 422
272 689
273 440
358 730
789 163
596 895
786 141
284 184
987 187
200 911
789 78
116 156
363 94
307 812
121 409
374 141
706 215
599 496
813 317
540 508
586 245
638 171
435 486
297 715
109 573
598 803
158 72
180 287
88 330
734 635
395 105
141 608
473 712
662 678
275 832
759 142
305 402
146 617
551 826
644 339
667 81
543 806
194 953
164 677
898 901
524 998
922 829
309 90
502 683
890 468
87 237
163 779
95 583
164 742
98 660
89 251
200 105
495 644
647 974
614 887
5 346
67 553
507 898
865 774
653 261
151 167
805 983
325 312
784 984
720 733
224 512
101 153
897 234
514 194
23 226
224 316
988 732
429 496
240 947
502 569
513 138
401 188
338 442
832 265
375 177
697 874
326 987
515 86
425 512
164 35
512 826
325 742
212 729
87 248
294 36
390 55
238 230
283 165
720 259
608 641
672 334
933 729
598 272
751 801
165 431
152 402
85 305
970 202
800 91
268 235
578 186
111 939
985 869
155 200
764 229
858 286
768 35
430 550
381 100
390 916
424 955
67 533
130 611
657 315
53 351
722 743
798 801
868 50
182 587
579 640
962 53
625 89
11 579
801 453
864 730
3 92
983 696
329 983
802 949
128 750
590 457
579 919
927 27
42 1000
464 484
247 401
966 486
33 657
260 292
937 523
57 983
770 580
341 105
126 876
963 114
211 791
880 189
236 975
594 263
844 864
435 947
445 535
861 140
846 336
255 864
204 331
246 886
279 129
167 244
29 73
536 855
732 226
438 7
665 532
593 702
790 55
276 734
271 983
289 500
541 131
697 805
860 273
705 483
943 935
96 323
707 80
693 599
433 210
765 787
405 520
314 910
148 801
63 271
242 811
335 473
809 205
846 573
246 841
192 851
709 578
917 940
148 15
870 150
109 691
953 173
102 105
759 747
442 57
159 676
538 401
540 920
742 747
353 61
13 951
701 681
685 357
330 801
924 233
255 289
885 107
789 337
478 697
430 591
469 492
505 471
611 172
962 716
465 297
687 225
655 855
942 609
948 797
865 127
543 490
460 859
67 396
69 890
394 398
377 817
648 493
680 781
808 496
567 681
261 858
787 5
894 110
301 576
836 901
905 970
616 70
200 649
653 179
166 910
45 531
190 906
16 658
865 634
823 41
117 508
262 291
242 989
207 886
192 225
155 578
388 614
172 665
89 166
303 659
692 519
949 845
24 472
552 597
927 626
450 932
42 144
760 896
175 125
262 581
226 281
733 336
679 63
599 648
211 446
851 41
530 418
68 270
986 271
260 466
703 105
877 467
512 530
488 404
599 881
655 62
486 723
180 866
125 625
157 557
808 110
759 617
316 83
615 995
202 817
176 574
756 11
342 252
973 493
633 628
293 44
877 325
98 532
550 13
122 808
937 334
925 561
150 422
119 318
514 281
59 893
832 117
387 883
383 810
460 238
7 812
686 212
621 438
1 231
63 149
819 960
97 302
694 324
621 397
735 959
72 403
728 756
241 531
8 287
158 33
256 399
63 399
782 139
795 486
446 56
265 541
972 108
71 713
335 874
398 97
831 394
319 341
391 252
390 971
174 937
124 581
935 751
540 634
160 319
467 503
871 572
506 170
608 66
415 339
580 256
975 984
300 587
953 483
563 865
316 522
281 303
496 114
956 951
890 153
192 362
41 415
727 206
469 368
676 508
447 105
89 601
387 260
401 46
203 297
592 14
629 419
678 315
765 661
370 470
573 887
443 73
600 665
450 938
742 498
795 783
41 805
939 377
559 161
43 335
56 628
906 63
215 59
625 146
934 337
903 141
202 17
893 272
77 849
388 557
210 333
514 455
235 533
764 893
998 925
221 489
342 999
613 569
86 726
429 41
296 553
190 490
356 939
441 899
108 579
697 67
884 949
557 944
687 652
721 176
76 314
764 441
887 485
21 367
276 640
782 322
39 595
283 856
263 280
420 686
897 812
421 719
688 781
574 238
537 478
935 462
381 124
588 164
120 724
158 125
919 484
217 754
566 74
370 876
151 933
865 349
63 462
76 381
314 738
244 829
295 511
296 708
118 192
735 652
157 655
452 384
874 14
114 20
891 291
406 657
633 613
20 644
723 967
66 345
455 232
753 73
707 371
625 357
282 842
860 574
978 291
171 539
537 924
124 966
496 952
965 772
944 774
603 350
921 242
363 880
162 378
913 590
850 231
479 246
125 134
557 982
90 442
263 539
41 600
612 11
218 671
642 944
680 521
183 121
221 291
667 534
991 77
441 863
960 766
908 298
155 383
718 816
578 250
772 763
909 495
45 46
189 818
737 145
222 781
631 255
891 454
70 574
571 652
805 50
1 27
518 414
313 354
628 232
398 669
838 856
585 628
700 197
556 103
142 444
117 684
892 878
782 359
608 308
193 613
112 521
104 412
527 741
850 426
963 130
242 225
977 557
10 756
836 890
973 393
445 612
857 739
613 912
323 458
725 892
645 97
750 490
986 436
245 659
867 452
998 930
466 369
297 838
642 323
74 683
98 484
2 669
391 637
148 994
150 732
754 131
307 671
181 143
867 256
323 333
662 924
482 771
233 993
51 464
16 428
130 970
576 5
466 764
9 80
173 240
147 864
825 189
192 41
366 917
847 994
828 566
41 718
898 611
852 958
713 838
733 228
623 340
26 502
279 821
693 589
581 894
181 178
95 277
599 180
711 152
730 576
622 451
135 389
283 628
663 530
48 348
814 55
189 53
806 541
798 522
295 459
727 480
489 566
993 31
252 260
748 844
415 660
564 151
829 510
64 587
893 915
757 815
320 560
201 217
246 109
507 474
529 924
208 353
459 824
777 216
220 804
864 413
147 268
249 534
941 796
638 917
68 676
106 491
783 636
255 612
495 850
210 934
49 765
692 887
231 108
644 523
610 896
784 215
458 731
931 941
237 740
560 220
86 25
444 178
101 63
266 225
893 256
544 604
842 489
926 53
65 263
215 52
938 550
256 845
24 166
445 447
265 866
531 29
320 358
48 299
416 116
926 14
355 515
831 1000
729 813
971 806
748 732
732 128
440 944
322 413
736 383
83 561
835 489
810 988
862 527
200 607
387 128
528 613
535 248
724 100
169 389
974 112
69 174
945 146
889 771
749 250
463 972
232 934
393 383
794 701
787 376
906 340
986 135
684 220
691 81
300 295
702 940
43 301
808 964
936 463
464 986
659 775
729 55
258 578
150 253
950 347
445 942
832 534
570 884
525 589
748 708
65 370
940 927
368 354
129 551
215 370
481 890
992 561
250 982
628 562
983 946
211 36
830 452
296 119
646 692
96 389
189 652
944 27
63 522
798 291
268 604
824 648
8 503
289 308
166 932
154 913
334 624
445 682
507 46
68 790
34 139
928 321
12 349
6 270
700 337
132 836
212 311
417 556
914 453
514 501
944 29
832 300
177 283
887 739
263 888
170 580
258 780
754 403
107 995
869 485
14 575
867 361
902 973
572 218
282 439
166 86
221 37
570 862
796 585
853 225
144 462
5 743
739 588
49 976
351 411
379 239
938 304
314 878
662 537
151 927
669 449
601 540
425 729
148 227
401 308
932 778
792 444
664 819
976 166
770 52
180 263
435 509
146 26
42 127
687 831
653 654
21 737
512 490
928 244
490 680
742 256
568 592
708 519
225 50
661 287
976 898
405 13
32 701
884 7
634 7
991 907
721 19
144 305
575 838
221 9
872 752
894 659
252 440
56 474
675 707
599 203
832 272
688 920
632 227
292 619
900 460
288 801
81 875
881 325
425 731
494 302
963 432
230 959
869 526
607 720
369 743
496 686
902 529
543 364
325 82
764 276
324 632
583 222
192 346
325 435
323 332
469 70
573 35
328 344
350 414
423 319
881 724
623 139
525 272
191 637
389 238
986 420
927 441
920 60
522 130
263 829
160 911
590 566
3 101
826 188
132 204
18 315
22 918
629 327
785 51
756 343
171 676
121 399
417 49
606 313
595 25
595 239
269 198
471 200
801 139
983 701
754 371
269 926
500 168
832 45
207 236
713 159
66 935
198 298
269 53
71 640
710 779
581 839
93 830
498 546
707 561
652 559
949 209
156 349
215 294
67 298
99 488
411 479
56 547
595 169
591 345
189 981
569 443
521 303
677 412
837 446
14 169
724 855
888 576
946 117
131 453
114 362
216 219
62 205
344 157
614 744
140 553
133 996
791 653
508 635
944 714
809 514
220 561
459 553
624 310
460 769
788 376
825 113
426 177
158 412
966 817
666 210
288 585
154 137
340 294
610 153
683 685
453 961
642 653
701 921
616 941
182 677
686 739
229 890
159 494
487 568
78 41
436 340
750 453
538 377
916 905
477 635
265 593
212 535
21 472
735 930
117 962
748 885
365 243
41 682
976 390
500 341
580 83
663 34
899 721
79 567
179 11
795 285
239 905
913 313
839 262
212 577
107 162
282 101
709 523
506 620
51 101
410 544
532 443
599 399
426 8
734 919
293 7
39 452
489 323
313 889
126 852
128 58
253 559
515 353
538 480
882 373
412 870
341 315
258 948
736 712
240 176
555 244
22 449
77 508
970 954
848 133
484 853
223 736
791 598
644 854
480 85
671 145
86 535
25 500
594 666
799 560
64 675
737 541
723 718
898 9
478 513
138 928
199 310
670 448
950 403
969 119
427 551
484 459
78 451
682 558
120 850
879 404
567 470
310 219
238 377
952 382
178 502
994 718
457 474
352 709
646 881
438 352
919 793
542 312
480 13
851 133
184 415
668 896
544 126
524 571
172 559
798 416
162 643
293 675
520 549
266 908
906 894
455 973
576 791
688 700
766 2
873 229
614 174
130 96
984 573
1000 810
529 691
349 331
585 765
943 795
950 932
918 641
439 677
351 986
347 838
862 570
935 334
800 563
462 938
438 95
538 880
221 115
25 953
971 426
964 56
180 210
977 458
498 256
1000 569
715 915
746 961
796 911
469 525
308 577
660 503
883 2
171 163
617 18
825 430
347 130
566 184
735 949
732 515
97 556
481 407
791 285
378 12
223 687
852 379
856 117
188 562
53 332
159 146
918 443
243 230
961 974
852 553
742 799
914 276
296 642
96 812
439 186
40 524
546 77
857 980
737 521
746 550
745 890
729 104
641 786
60 763
289 323
9 183
731 972
633 793
153 205
54 194
350 464
806 213
785 622
24 92
723 787
515 959
786 632
941 923
734 947
785 883
488 861
946 262
795 280
484 213
562 794
626 718
641 858
705 617
632 150
972 495
842 687
953 698
428 906
320 126
272 347
892 234
329 944
322 138
433 999
879 860
711 53
574 460
588 356
966 151
316 424
609 505
626 7
929 859
227 619
262 724
749 5
539 107
153 823
742 54
547 541
485 730
610 817
270 40
147 99
255 744
152 521
468 781
726 104
759 645
84 7
898 579
871 252
544 570
658 510
873 608
539 95
508 612
865 243
247 342
969 897
146 978
32 925
417 137
187 871
760 484
250 996
553 149
603 454
680 284
418 979
248 890
566 31
135 102
375 847
364 466
740 772
977 385
361 407
187 463
253 775
62 820
73 84
726 887
309 599
512 404
525 56
175 833
120 211
770 819
281 56
122 415
174 822
778 119
222 516
703 12
944 444
999 443
654 476
894 77
600 881
667 878
901 138
385 410
421 646
377 55
673 140
701 795
524 581
991 163
643 552
576 260
479 546
45 266
124 863
20 75
177 529
124 255
808 116
90 383
720 652
128 566
69 404
512 984
858 924
22 830
556 262
163 715
103 101
334 935
951 730
997 181
429 28
121 162
121 715
535 509
414 178
939 557
537 903
111 340
491 663
177 222
686 619
675 901
52 441
372 709
163 441
444 263
669 933
476 428
988 931
900 584
899 450
478 160
879 167
863 985
788 387
726 743
188 202
373 342
698 307
93 225
301 551
326 829
144 200
355 336
910 159
884 995
51 322
5 698
645 800
500 924
465 978
408 275
626 833
828 482
525 126
291 782
824 73
390 442
664 881
169 819
658 852
275 236
449 61
628 95
430 456
9 449
78 162
651 657
589 49
253 437
648 597
804 968
64 627
313 476
715 148
82 672
508 158
383 398
762 302
503 532
543 609
195 220
495 246
410 802
752 897
84 146
280 702
539 516
986 232
186 613
787 686
9 283
721 16
633 628
282 156
338 780
834 71
677 177
199 426
843 668
471 203
276 303
793 717
315 565
913 117
190 451
180 353
108 161
923 775
616 444
381 704
602 843
189 951
508 52
859 458
9 923
526 404
673 326
967 948
730 736
401 221
257 440
556 627
926 381
208 743
877 424
655 255
977 982
363 757
43 81
391 778
928 266
154 679
512 525
189 480
827 608
854 14
790 113
21 87
819 836
316 835
703 990
43 918
524 520
1 837
559 131
455 935
628 829
414 930
461 894
249 46
737 786
933 58
858 338
380 73
903 457
881 216
167 392
286 343
439 374
538 370
827 384
446 931
825 449
254 302
611 806
965 793
482 1000
521 893
848 167
85 461
806 536
533 698
764 83
300 208
871 731
338 401
660 722
218 772
595 369
967 266
430 929
470 589
793 929
134 557
948 532
828 143
364 910
699 764
952 579
409 564
926 212
717 958
781 31
349 733
510 945
931 48
20 907
383 926
986 47
72 987
331 293
540 668
765 110
912 299
223 364
681 576
201 532
552 28
75 497
331 962
526 710
697 749
902 696
878 544
913 718
420 94
921 909
90 303
229 564
6 123
206 161
63 774
685 351
366 512
386 173
178 976
95 507
106 524
546 715
285 767
666 394
253 280
217 338
682 315
656 413
395 807
984 544
736 347
940 570
59 677
469 543
828 73
509 157
172 906
716 178
409 968
9 920
880 518
240 143
896 86
882 893
179 76
938 500
968 356
316 752
819 465
736 699
279 299
228 247
826 435
239 360
918 222
858 187
879 292
993 127
896 676
127 167
160 598
912 96
778 572
79 109
267 69
136 877
621 784
200 878
64 370
512 48
87 557
489 248
752 677
641 831
925 983
291 727
872 656
957 50
644 951
339 614
430 24
305 193
690 118
997 109
602 476
291 48
497 689
202 482
958 998
259 716
748 252
794 946
150 623
942 148
992 729
962 615
65 484
94 738
332 856
295 248
533 589
330 210
96 942
953 166
638 266
596 392
9 928
209 251
663 254
494 355
163 798
322 466
102 438
243 990
381 410
43 492
68 440
388 59
736 880
202 743
706 550
704 488
776 206
194 454
637 618
161 699
809 355
758 598
627 177
22 519
746 433
747 108
283 322
235 647
837 548
913 905
632 478
394 728
484 122
170 536
654 591
501 81
981 586
625 124
907 451
192 611
615 463
100 28
431 175
331 410
354 828
290 673
956 614
990 884
995 448
589 44
878 297
675 750
437 521
769 82
83 61
528 236
520 482
650 577
179 882
273 552
581 822
610 282
416 321
777 943
991 884
408 63
351 467
154 825
683 971
409 492
909 910
887 695
8 781
234 199
547 216
673 21
544 285
619 777
474 907
95 207
972 834
341 868
495 970
451 525
708 636
84 868
735 184
28 745
748 332
806 841
180 989
630 829
759 677
610 945
325 498
851 487
464 999
82 23
145 793
269 686
579 952
440 865
845 232
848 908
312 67
500 227
664 628
100 851
8 91
595 478
14 776
369 50
757 438
593 109
666 85
194 591
190 451
64 876
313 937
370 221
912 526
318 433
781 946
873 269
629 81
507 365
96 794
486 149
465 506
719 481
900 818
278 894
223 218
984 499
121 184
924 399
760 601
410 760
911 403
958 949
139 213
500 153
751 203
870 813
774 617
521 424
325 860
886 853
155 392
812 234
720 65
594 256
619 945
978 852
664 674
57 65
902 377
283 559
927 536
460 164
936 111
921 685
320 798
173 202
590 992
840 979
27 583
633 131
558 345
68 111
918 124
806 3
698 475
549 778
156 501
373 951
685 414
141 293
178 692
80 439
515 328
136 501
348 47
844 219
965 837
98 720
124 61
264 160
123 406
484 958
291 213
332 898
63 851
624 811
118 228
11 697
64 260
648 721
553 253
56 918
820 601
458 648
135 304
652 676
700 183
982 24
615 909
342 729
651 499
325 931
24 32
265 684
671 382
900 525
62 876
433 822
102 649
310 869
489 706
637 403
122 648
517 899
525 241
110 368
797 337
626 98
148 749
326 12
149 83
752 221
133 137
594 928
880 833
756 915
568 110
504 929
737 23
303 844
823 700
417 939
129 41
250 523
407 798
383 733
214 632
752 140
332 672
688 305
886 998
391 685
968 562
873 906
684 462
238 78
515 867
306 757
298 535
32 770
348 608
464 666
869 600
440 622
582 140
974 499
996 859
795 847
331 527
722 417
929 515
840 389
229 658
150 124
597 775
178 604
303 943
916 345
951 743
60 303
48 282
896 179
918 675
11 301
759 852
194 76
66 465
728 806
711 524
721 162
990 590
11 645
156 278
872 397
64 681
872 141
364 766
596 509
599 892
197 364
911 371
635 861
12 36
273 13
199 62
134 181
833 806
679 471
648 938
687 81
196 738
760 569
528 371
571 588
548 682
556 832
560 425
73 858
834 945
865 588
744 684
321 471
65 85
297 521
870 151
550 378
319 230
201 865
7 430
660 614
409 807
668 116
76 513
529 157
282 90
851 121
343 881
447 53
868 446
343 92
258 456
416 229
908 858
469 992
398 547
216 174
562 224
993 444
553 961
271 883
566 949
467 664
502 906
260 803
364 981
836 726
945 34
818 28
264 137
321 947
544 925
742 615
570 114
655 597
82 722
390 513
155 324
852 948
555 43
259 453
326 134
124 930
366 793
943 460
695 863
449 829
481 569
176 15
7 760
162 2
500 443
83 537
213 989
980 705
281 759
873 751
869 757
811 925
821 912
996 345
149 744
114 931
509 203
986 104
883 342
110 367
106 766
305 200
176 460
686 284
165 691
561 197
967 271
877 794
531 964
69 287
653 8
606 31
961 358
521 911
643 576
527 969
440 192
260 689
623 307
966 480
794 394
223 346
598 175
350 190
50 24
997 706
317 459
835 176
744 423
560 248
818 786
977 587
218 132
842 106
103 479
8 17
988 42
241 636
199 144
522 724
296 714
192 245
135 230
35 951
582 377
20 856
654 360
232 282
309 215
380 478
732 637
504 780
327 644
576 478
622 888
901 632
705 44
179 862
544 331
715 547
623 561
25 376
281 527
536 225
348 845
521 312
506 495
162 453
520 759
235 171
390 939
171 127
519 26
330 527
299 184
672 365
744 763
314 895
920 146
141 77
579 305
586 974
852 3
850 558
986 717
411 384
245 443
945 948
512 737
360 318
342 312
180 67
388 171
668 584
982 245
251 361
670 64
718 874
968 60
124 614
761 987
183 561
909 301
353 84
367 661
689 877
227 71
77 816
232 236
242 263
849 572
254 33
586 974
135 730
504 423
20 622
729 876
185 843
35 654
544 634
608 322
898 153
823 9
438 545
494 571
936 495
195 59
699 810
618 135
721 520
153 206
654 36
471 254
349 560
963 713
314 955
952 899
343 863
238 443
18 1
724 403
251 526
937 190
332 279
699 782
17 273
118 462
326 59
86 554
56 541
176 130
348 945
34 189
939 225
531 479
351 885
173 545
7 638
895 578
294 716
871 951
938 609
189 524
769 64
634 919
509 453
407 581
184 619
914 787
387 540
68 443
320 936
406 145
959 949
313 905
781 206
876 576
977 292
992 11
729 406
312 911
825 142
492 478
555 994
69 786
858 516
779 154
616 646
497 191
40 437
338 913
638 297
301 539
298 654
260 439
531 298
779 719
344 467
523 841
338 148
990 822
549 548
181 960
621 980
652 446
269 651
175 213
755 960
255 164
256 730
925 124
195 783
631 122
245 23
160 3
39 181
849 987
735 810
301 865
162 181
227 843
867 355
732 497
418 551
493 536
575 102
462 166
534 417
672 573
149 128
886 823
87 632
898 316
709 361
713 226
403 366
816 249
518 849
165 705
621 666
235 675
837 964
237 674
342 53
627 412
371 976
258 440
247 817
230 622
682 164
419 429
92 666
697 453
536 473
934 218
633 590
805 305
267 90
276 994
920 270
763 10
403 605
672 372
521 965
848 548
331 88
904 496
568 453
681 467
712 951
626 135
179 103
239 293
311 778
400 908
449 377
548 109
403 361
660 719
443 31
580 379
436 218
572 662
613 820
381 990
64 750
998 579
622 471
718 996
93 345
540 235
691 353
107 558
956 489
409 195
71 499
655 423
272 964
274 235
350 82
479 11
852 156
558 500
605 157
685 610
656 548
358 923
92 547
579 20
564 689
405 981
731 214
763 683
155 379
304 83
807 596
413 46
449 427
350 197
806 698
425 18
45 357
48 976
902 481
224 529
175 253
402 154
586 660
958 628
978 971
880 802
716 949
819 330
51 137
593 234
843 260
157 129
271 801
743 863
223 714
318 201
361 601
469 469
879 511
164 486
897 960
567 53
81 945
275 300
13 112
508 784
898 175
701 635
419 268
159 746
145 799
554 346
844 968
657 490
552 877
223 877
419 502
312 278
338 893
227 208
620 165
827 761
78 30
549 91
581 929
780 807
978 902
231 102
447 920
556 365
464 978
381 140
589 649
585 59
411 221
790 953
883 60
138 283
66 645
561 718
279 166
105 553
516 571
249 801
900 236
192 594
106 865
482 591
218 516
724 623
289 43
849 828
718 505
325 617
652 520
126 447
488 518
211 36
341 561
245 969
191 159
98 502
220 358
600 68
270 5
38 918
678 61
982 181
507 88
839 863
479 60
127 707
722 692
134 76
680 716
582 800
853 374
670 347
489 486
805 565
295 614
115 268
831 871
219 103
971 477
421 369
255 453
489 622
969 286
734 613
368 545
24 466
186 398
871 383
605 956
348 702
950 517
343 350
616 436
251 279
613 972
779 931
776 198
934 596
514 318
398 68
955 19
79 308
241 881
994 421
60 205
225 229
938 76
477 510
885 976
491 209
234 672
53 322
478 883
452 608
593 185
452 715
732 550
208 850
278 260
820 769
434 292
633 628
373 568
66 946
147 240
758 592
545 591
311 8
845 905
87 359
185 371
754 480
263 951
110 760
982 91
774 495
43 373
327 431
267 461
498 573
644 911
216 737
387 787
940 259
120 195
489 196
935 872
836 38
359 217
341 465
853 378
143 115
915 557
991 803
993 375
681 515
389 217
69 887
103 745
369 566
581 485
392 468
430 140
992 41
978 1
377 530
654 461
978 386
718 263
101 532
370 122
994 176
323 379
266 408
279 422
34 973
